0 0 0.000000 0.000000 0.000000
0 1 0.000000 0.000000 0.000000
0 2 0.000000 0.000000 0.000000
0 3 0.000000 0.000000 0.000000
0 4 0.000000 0.000000 0.000000
0 5 0.000000 0.000000 0.000000
0 6 0.000000 0.000000 0.000000
0 7 0.000000 0.000000 0.000000
0 8 0.000000 0.000000 0.000000
0 9 0.000000 0.000000 0.000000
0 10 0.000000 0.000000 0.000000
0 11 0.000000 0.000000 0.000000
0 12 0.000000 0.000000 0.000000
0 13 0.000000 0.000000 0.000000
0 14 0.000000 0.000000 0.000000
0 15 0.000000 0.000000 0.000000
0 16 0.000000 0.000000 0.000000
0 17 0.000000 0.000000 0.000000
0 18 0.000000 0.000000 0.000000
0 19 0.000000 0.000000 0.000000
0 20 0.000000 0.000000 0.000000
0 21 0.000000 0.000000 0.000000
0 22 0.000000 0.000000 0.000000
0 23 0.000000 0.000000 0.000000
0 24 0.000000 0.000000 0.000000
0 25 0.000000 0.000000 0.000000
0 26 0.000000 0.000000 0.000000
0 27 0.000000 0.000000 0.000000
0 28 0.000000 0.000000 0.000000
0 29 0.000000 0.000000 0.000000
0 30 0.000000 0.000000 0.000000
0 31 0.000000 0.000000 0.000000
0 32 0.000000 0.000000 0.000000
0 33 0.000000 0.000000 0.000000
0 34 0.000000 0.000000 0.000000
0 35 0.000000 0.000000 0.000000
0 36 0.000000 0.000000 0.000000
0 37 0.000000 0.000000 0.000000
0 38 0.000000 0.000000 0.000000
0 39 0.000000 0.000000 0.000000
1 0 0.000000 0.000000 0.000000
1 1 0.331431 -0.020308 -0.020308
1 2 0.662867 -0.040620 -0.020306
1 3 0.994217 -0.060932 -0.020292
1 4 1.325207 -0.081230 -0.020253
1 5 1.655287 -0.101483 -0.020170
1 6 1.983544 -0.121639 -0.020016
1 7 2.308619 -0.141615 -0.019764
1 8 2.628638 -0.161298 -0.019380
1 9 2.941172 -0.180541 -0.018829
1 10 3.243222 -0.199157 -0.018079
1 11 3.531259 -0.216928 -0.017098
1 12 3.801318 -0.233606 -0.015867
1 13 4.049145 -0.248924 -0.014371
1 14 4.270402 -0.262610 -0.012615
1 15 4.460902 -0.274399 -0.010614
1 16 4.616836 -0.284052 -0.008397
1 17 4.734985 -0.291368 -0.006006
1 18 4.812873 -0.296190 -0.003489
1 19 4.848864 -0.298418 -0.000899
1 20 4.842220 -0.298006 0.001708
1 21 4.793124 -0.294963 0.004275
1 22 4.702679 -0.289360 0.006747
1 23 4.572889 -0.281320 0.009071
1 24 4.406588 -0.271022 0.011200
1 25 4.207328 -0.258687 0.013094
1 26 3.979195 -0.244574 0.014729
1 27 3.726576 -0.228959 0.016093
1 28 3.453917 -0.212121 0.017191
1 29 3.165475 -0.194328 0.018039
1 30 2.865132 -0.175821 0.018665
1 31 2.556261 -0.156810 0.019102
1 32 2.241651 -0.137465 0.019386
1 33 1.923497 -0.117921 0.019553
1 34 1.603426 -0.098274 0.019637
1 35 1.282554 -0.078592 0.019665
1 36 0.961564 -0.058913 0.019662
1 37 0.640789 -0.039255 0.019646
1 38 0.320302 -0.019621 0.019632
1 39 0.000000 0.000000 0.009813
2 0 0.000000 0.000000 0.000000
2 1 0.662867 -0.020306 -0.040620
2 2 1.325834 -0.040623 -0.040623
2 3 1.988814 -0.060958 -0.040610
2 4 2.651349 -0.081304 -0.040552
2 5 3.312429 -0.101640 -0.040409
2 6 3.970306 -0.121918 -0.040132
2 7 4.622331 -0.142066 -0.039660
2 8 5.264803 -0.161972 -0.038926
2 9 5.892871 -0.181492 -0.037858
2 10 6.500501 -0.200435 -0.036387
2 11 7.080545 -0.218575 -0.034449
2 12 7.624916 -0.235650 -0.031996
2 13 8.124908 -0.251374 -0.029004
2 14 8.571612 -0.265452 -0.025475
2 15 8.956418 -0.277598 -0.021443
2 16 9.271505 -0.287552 -0.016969
2 17 9.510282 -0.295098 -0.012138
2 18 9.667692 -0.300073 -0.007051
2 19 9.740412 -0.302369 -0.001815
2 20 9.726942 -0.301940 0.003455
2 21 9.627645 -0.298795 0.008645
2 22 9.444754 -0.293006 0.013643
2 23 9.182338 -0.284702 0.018338
2 24 8.846185 -0.274071 0.022633
2 25 8.443580 -0.261354 0.026448
2 26 7.982922 -0.246830 0.029728
2 27 7.473242 -0.230799 0.032453
2 28 6.923662 -0.213564 0.034631
2 29 6.342893 -0.195410 0.036300
2 30 5.738834 -0.176591 0.037518
2 31 5.118298 -0.157322 0.038356
2 32 4.486880 -0.137776 0.038889
2 33 3.848942 -0.118084 0.039191
2 34 3.207677 -0.098336 0.039329
2 35 2.565246 -0.078594 0.039361
2 36 1.922927 -0.058886 0.039336
2 37 1.281301 -0.039224 0.039292
2 38 0.640421 -0.019601 0.039255
2 39 0.000000 0.000000 0.019621
3 0 0.000000 0.000000 0.000000
3 1 0.994217 -0.020292 -0.060932
3 2 1.988814 -0.040610 -0.060958
3 3 2.983890 -0.060973 -0.060973
3 4 3.978990 -0.081391 -0.060935
3 5 4.972822 -0.101854 -0.060784
3 6 5.962978 -0.122331 -0.060442
3 7 6.945661 -0.142758 -0.059818
3 8 7.915441 -0.163036 -0.058805
3 9 8.865079 -0.183020 -0.057292
3 10 9.785444 -0.202518 -0.055162
3 11 10.665579 -0.221289 -0.052314
3 12 11.492973 -0.239048 -0.048666
3 13 12.254038 -0.255473 -0.044173
3 14 12.934802 -0.270229 -0.038838
3 15 13.521731 -0.282990 -0.032713
3 16 14.002567 -0.293461 -0.025897
3 17 14.367025 -0.301402 -0.018527
3 18 14.607282 -0.306635 -0.010760
3 19 14.718231 -0.309048 -0.002766
3 20 14.697571 -0.308591 0.005282
3 21 14.545841 -0.305274 0.013209
3 22 14.266436 -0.299169 0.020841
3 23 13.865602 -0.290412 0.028006
3 24 13.352316 -0.279209 0.034548
3 25 12.737964 -0.265830 0.040336
3 26 12.035751 -0.250594 0.045284
3 27 11.259884 -0.233845 0.049359
3 28 10.424669 -0.215927 0.052580
3 29 9.543673 -0.197158 0.055012
3 30 8.629080 -0.177811 0.056752
3 31 7.691278 -0.158113 0.057916
3 32 6.738686 -0.138235 0.058625
3 33 5.777760 -0.118302 0.058993
3 34 4.813137 -0.098395 0.059127
3 35 3.847857 -0.078560 0.059115
3 36 2.883623 -0.058815 0.059031
3 37 1.921079 -0.039155 0.058932
3 38 0.960089 -0.019560 0.058856
3 39 0.000000 0.000000 0.029414
4 0 0.000000 0.000000 0.000000
4 1 1.325207 -0.020253 -0.081230
4 2 2.651349 -0.040552 -0.081304
4 3 3.978990 -0.060935 -0.081391
4 4 5.307958 -0.081433 -0.081433
4 5 6.636962 -0.102056 -0.081349
4 6 7.963203 -0.122794 -0.081036
4 7 9.281978 -0.143602 -0.080365
4 8 10.586313 -0.164394 -0.079187
4 9 11.866659 -0.185035 -0.077340
4 10 13.110716 -0.205330 -0.074657
4 11 14.303460 -0.225018 -0.070979
4 12 15.427465 -0.243780 -0.066180
4 13 16.463575 -0.261242 -0.060186
4 14 17.391932 -0.277004 -0.052992
4 15 18.193247 -0.290673 -0.044674
4 16 18.850113 -0.301902 -0.035381
4 17 19.348075 -0.310415 -0.025312
4 18 19.676289 -0.316018 -0.014696
4 19 19.827766 -0.318598 -0.003771
4 20 19.799378 -0.318103 0.007229
4 21 19.591819 -0.314542 0.018067
4 22 19.209656 -0.307984 0.028505
4 23 18.661427 -0.298570 0.038298
4 24 17.959621 -0.286526 0.047215
4 25 17.120317 -0.272165 0.055064
4 26 16.162339 -0.255872 0.061714
4 27 15.105978 -0.238062 0.067119
4 28 13.971557 -0.219144 0.071318
4 29 12.778147 -0.199484 0.074415
4 30 11.542625 -0.179386 0.076563
4 31 10.279133 -0.159085 0.077932
4 32 8.998900 -0.138751 0.078700
4 33 7.710341 -0.118496 0.079031
4 34 6.419310 -0.098383 0.079071
4 35 5.129467 -0.078438 0.078941
4 36 3.842659 -0.058659 0.078742
4 37 2.559324 -0.039021 0.078547
4 38 1.278862 -0.019484 0.078410
4 39 0.000000 0.000000 0.039181
5 0 0.000000 0.000000 0.000000
5 1 1.655287 -0.020170 -0.101483
5 2 3.312429 -0.040409 -0.101640
5 3 4.972822 -0.060784 -0.101854
5 4 6.636962 -0.081349 -0.102056
5 5 8.303951 -0.102145 -0.102145
5 6 9.970991 -0.123188 -0.101988
5 7 11.632843 -0.144462 -0.101418
5 8 13.281289 -0.165905 -0.100239
5 9 14.904650 -0.187398 -0.098227
5 10 16.487426 -0.208748 -0.095145
5 11 18.010207 -0.229676 -0.090764
5 12 19.449980 -0.249813 -0.084889
5 13 20.780997 -0.268711 -0.077397
5 14 21.976234 -0.285871 -0.068270
5 15 23.009343 -0.300798 -0.057612
5 16 23.856693 -0.313061 -0.045639
5 17 24.499003 -0.322338 -0.032643
5 18 24.922162 -0.328427 -0.018943
5 19 25.117297 -0.331223 -0.004851
5 20 25.080485 -0.330682 0.009337
5 21 24.812531 -0.326809 0.023327
5 22 24.319074 -0.319657 0.036813
5 23 23.610961 -0.309359 0.049464
5 24 22.704554 -0.296160 0.060952
5 25 21.621476 -0.280435 0.070990
5 26 20.387442 -0.262668 0.079387
5 27 19.030258 -0.243388 0.086087
5 28 17.577556 -0.223104 0.091158
5 29 16.054853 -0.202249 0.094770
5 30 14.484253 -0.181164 0.097151
5 31 12.883830 -0.160091 0.098551
5 32 11.267535 -0.139189 0.099214
5 33 9.645474 -0.118548 0.099361
5 34 8.024366 -0.098203 0.099184
5 35 6.408095 -0.078152 0.098839
5 36 4.798263 -0.058363 0.098449
5 37 3.194719 -0.038785 0.098107
5 38 1.596044 -0.019355 0.097877
5 39 0.000000 0.000000 0.048898
6 0 0.000000 0.000000 0.000000
6 1 1.983544 -0.020016 -0.121639
6 2 3.970306 -0.040132 -0.121918
6 3 5.962978 -0.060442 -0.122331
6 4 7.963203 -0.081036 -0.122794
6 5 9.970991 -0.101988 -0.123188
6 6 11.984082 -0.123353 -0.123353
6 7 13.997237 -0.145154 -0.123082
6 8 16.001485 -0.167368 -0.122124
6 9 17.983365 -0.189906 -0.120183
6 10 19.924276 -0.212589 -0.116934
6 11 21.800108 -0.235125 -0.112044
6 12 23.581402 -0.257087 -0.105215
6 13 25.234346 -0.277920 -0.096244
6 14 26.722815 -0.296974 -0.085079
6 15 28.011346 -0.313589 -0.071864
6 16 29.068462 -0.327206 -0.056920
6 17 29.869231 -0.337450 -0.040678
6 18 30.396205 -0.344132 -0.023581
6 19 30.638922 -0.347185 -0.006026
6 20 30.592882 -0.346595 0.011643
6 21 30.258895 -0.342355 0.029093
6 22 29.643298 -0.334477 0.045954
6 23 28.758940 -0.323050 0.061795
6 24 27.626308 -0.308320 0.076139
6 25 26.273741 -0.290747 0.088556
6 26 24.735844 -0.270977 0.098760
6 27 23.050206 -0.249721 0.106683
6 28 21.253702 -0.227636 0.112457
6 29 19.379592 -0.205247 0.116356
6 30 17.455835 -0.182930 0.118721
6 31 15.504519 -0.160927 0.119907
6 32 13.542047 -0.139367 0.120244
6 33 11.579749 -0.118304 0.120017
6 34 9.624664 -0.097730 0.119466
6 35 7.680348 -0.077603 0.118781
6 36 5.747626 -0.057855 0.118108
6 37 3.825274 -0.038402 0.117555
6 38 1.910605 -0.019150 0.117195
6 39 0.000000 0.000000 0.058535
7 0 0.000000 0.000000 0.000000
7 1 2.308619 -0.019764 -0.141615
7 2 4.622331 -0.039660 -0.142066
7 3 6.945661 -0.059818 -0.142758
7 4 9.281978 -0.080365 -0.143602
7 5 11.632843 -0.101418 -0.144462
7 6 13.997237 -0.123082 -0.145154
7 7 16.370679 -0.145433 -0.145433
7 8 18.744197 -0.168507 -0.144991
7 9 21.103204 -0.192269 -0.143448
7 10 23.426367 -0.216579 -0.140364
7 11 25.684711 -0.241148 -0.135262
7 12 27.841336 -0.265491 -0.127684
7 13 29.852336 -0.288908 -0.117284
7 14 31.669494 -0.310515 -0.103939
7 15 33.244925 -0.329378 -0.087844
7 16 34.536737 -0.344724 -0.069500
7 17 35.513413 -0.356125 -0.049569
7 18 36.154663 -0.363465 -0.028678
7 19 36.449462 -0.366791 -0.007314
7 20 36.393384 -0.366158 0.014168
7 21 35.987031 -0.361539 0.035445
7 22 35.236445 -0.352847 0.056117
7 23 34.155356 -0.340045 0.075621
7 24 32.768164 -0.323325 0.093255
7 25 31.111501 -0.303258 0.108333
7 26 29.232154 -0.280772 0.120414
7 27 27.181182 -0.256884 0.129428
7 28 25.007615 -0.232472 0.135632
7 29 22.754133 -0.208172 0.139475
7 30 20.455122 -0.184385 0.141471
7 31 18.136499 -0.161319 0.142114
7 32 15.816508 -0.139051 0.141837
7 33 13.506920 -0.117570 0.140999
7 34 11.214286 -0.096811 0.139884
7 35 8.941078 -0.076677 0.138713
7 36 6.686673 -0.057054 0.137650
7 37 4.448178 -0.037819 0.136812
7 38 2.221113 -0.018844 0.136279
7 39 0.000000 0.000000 0.068049
8 0 0.000000 0.000000 0.000000
8 1 2.628638 -0.019380 -0.161298
8 2 5.264803 -0.038926 -0.161972
8 3 7.915441 -0.058805 -0.163036
8 4 10.586313 -0.079187 -0.164394
8 5 13.281289 -0.100239 -0.165905
8 6 16.001485 -0.122124 -0.167368
8 7 18.744197 -0.144991 -0.168507
8 8 21.501583 -0.168959 -0.168959
8 9 24.259054 -0.194085 -0.168255
8 10 26.993450 -0.220311 -0.165813
8 11 29.671206 -0.247397 -0.160956
8 12 32.247068 -0.274822 -0.152975
8 13 34.664340 -0.301706 -0.141268
8 14 36.858072 -0.326801 -0.125549
8 15 38.762290 -0.348684 -0.106073
8 16 40.320315 -0.366189 -0.083667
8 17 41.493185 -0.378860 -0.059418
8 18 42.259736 -0.386811 -0.034248
8 19 42.611044 -0.390359 -0.008719
8 20 42.544323 -0.389707 0.016896
8 21 42.059568 -0.384796 0.042404
8 22 41.160262 -0.375327 0.067448
8 23 39.858048 -0.360958 0.091317
8 24 38.179664 -0.341676 0.112926
8 25 36.172121 -0.318189 0.131108
8 26 33.900267 -0.291969 0.145134
8 27 31.434929 -0.264572 0.154983
8 28 28.841615 -0.237196 0.161168
8 29 26.174369 -0.210587 0.164443
8 30 23.474183 -0.185118 0.165574
8 31 20.769997 -0.160914 0.165241
8 32 18.080700 -0.137949 0.163993
8 33 15.417256 -0.116116 0.162258
8 34 12.784582 -0.095267 0.160360
8 35 10.183084 -0.075239 0.158538
8 36 7.609869 -0.055864 0.156966
8 37 5.059687 -0.036975 0.155765
8 38 2.525682 -0.018408 0.155014
8 39 0.000000 0.000000 0.077380
9 0 0.000000 0.000000 0.000000
9 1 2.941172 -0.018829 -0.180541
9 2 5.892871 -0.037858 -0.181492
9 3 8.865079 -0.057292 -0.183020
9 4 11.866659 -0.077340 -0.185035
9 5 14.904650 -0.098227 -0.187398
9 6 17.983365 -0.120183 -0.189906
9 7 21.103204 -0.143448 -0.192269
9 8 24.259054 -0.168255 -0.194085
9 9 27.438157 -0.194800 -0.194800
9 10 30.617351 -0.223184 -0.193676
9 11 33.759774 -0.253306 -0.189773
9 12 36.811568 -0.284695 -0.181993
9 13 39.700060 -0.316293 -0.169263
9 14 42.336337 -0.346300 -0.150917
9 15 44.626016 -0.372367 -0.127232
9 16 46.489211 -0.392490 -0.099676
9 17 47.879439 -0.406313 -0.070190
9 18 48.780212 -0.414559 -0.040177
9 19 49.190818 -0.418125 -0.010210
9 20 49.113461 -0.417514 0.019730
9 21 48.546819 -0.412611 0.049825
9 22 47.487158 -0.402706 0.079955
9 23 45.937080 -0.386786 0.109272
9 24 43.920502 -0.364231 0.136024
9 25 41.497231 -0.335854 0.158040
9 26 38.762047 -0.304342 0.174031
9 27 35.816835 -0.272238 0.184200
9 28 32.749731 -0.241155 0.189617
9 29 29.627723 -0.211862 0.191553
9 30 26.497412 -0.184588 0.191144
9 31 23.388763 -0.159271 0.189283
9 32 20.319185 -0.135716 0.186636
9 33 17.296950 -0.113677 0.183681
9 34 14.323810 -0.092902 0.180761
9 35 11.396895 -0.073149 0.178116
9 36 8.510093 -0.054189 0.175913
9 37 5.655056 -0.035810 0.174269
9 38 2.821942 -0.017811 0.173255
9 39 0.000000 0.000000 0.086456
10 0 0.000000 0.000000 0.000000
10 1 3.243222 -0.018079 -0.199157
10 2 6.500501 -0.036387 -0.200435
10 3 9.785444 -0.055162 -0.202518
10 4 13.110716 -0.074657 -0.205330
10 5 16.487426 -0.095145 -0.208748
10 6 19.924276 -0.116934 -0.212589
10 7 23.426367 -0.140364 -0.216579
10 8 26.993450 -0.165813 -0.220311
10 9 30.617351 -0.193676 -0.223184
10 10 34.278207 -0.224319 -0.224319
10 11 37.939154 -0.257949 -0.222467
10 12 41.539546 -0.294358 -0.215962
10 13 44.988170 -0.332468 -0.202873
10 14 48.161364 -0.369741 -0.181624
10 15 50.916390 -0.401992 -0.152262
10 16 53.131233 -0.425089 -0.117613
10 17 54.755300 -0.439343 -0.081488
10 18 55.791010 -0.446988 -0.046060
10 19 56.258706 -0.450068 -0.011674
10 20 56.172037 -0.449612 0.022410
10 21 55.527249 -0.445428 0.057212
10 22 54.304630 -0.436099 0.093274
10 23 52.482782 -0.419247 0.129792
10 24 50.068206 -0.392608 0.163858
10 25 47.134433 -0.356653 0.190997
10 26 43.834039 -0.317308 0.208749
10 27 40.320822 -0.278884 0.218170
10 28 36.712936 -0.243323 0.221545
10 29 33.089565 -0.211118 0.221010
10 30 29.499156 -0.182101 0.218165
10 31 25.968627 -0.155867 0.214113
10 32 22.510477 -0.131966 0.209587
10 33 19.127685 -0.109974 0.205071
10 34 15.816928 -0.089517 0.200888
10 35 12.570682 -0.070266 0.197251
10 36 9.378619 -0.051934 0.194305
10 37 6.228541 -0.034266 0.192143
10 38 3.107044 -0.017027 0.190825
10 39 0.000000 0.000000 0.095191
11 0 0.000000 0.000000 0.000000
11 1 3.531259 -0.017098 -0.216928
11 2 7.080545 -0.034449 -0.218575
11 3 10.665579 -0.052314 -0.221289
11 4 14.303460 -0.070979 -0.225018
11 5 18.010207 -0.090764 -0.229676
11 6 21.800108 -0.112044 -0.235125
11 7 25.684711 -0.135262 -0.241148
11 8 29.671206 -0.160956 -0.247397
11 9 33.759774 -0.189773 -0.253306
11 10 37.939154 -0.222467 -0.257949
11 11 42.179267 -0.259812 -0.259812
11 12 46.419467 -0.302321 -0.256513
11 13 50.551874 -0.349481 -0.244645
11 14 54.404717 -0.398200 -0.220441
11 15 57.747095 -0.440771 -0.182581
11 16 60.364172 -0.466530 -0.137027
11 17 62.219659 -0.478981 -0.092089
11 18 63.369959 -0.483980 -0.050902
11 19 63.881098 -0.485545 -0.012834
11 20 63.788869 -0.485438 0.024370
11 21 63.085651 -0.483389 0.063339
11 22 61.721482 -0.477013 0.106136
11 23 59.621366 -0.461496 0.152763
11 24 56.735271 -0.430299 0.198619
11 25 53.138428 -0.380841 0.233340
11 26 49.119038 -0.329354 0.251799
11 27 44.919662 -0.282668 0.258186
11 28 40.691816 -0.242134 0.257384
11 29 36.518630 -0.207185 0.252775
11 30 32.441203 -0.176831 0.246394
11 31 28.476281 -0.150130 0.239418
11 32 24.626568 -0.126307 0.232528
11 33 20.886525 -0.104738 0.226130
11 34 17.245652 -0.084925 0.220469
11 35 13.690383 -0.066464 0.215698
11 36 10.205229 -0.049016 0.211914
11 37 6.773489 -0.032291 0.209176
11 38 3.377708 -0.016031 0.207520
11 39 0.000000 0.000000 0.103483
12 0 0.000000 0.000000 0.000000
12 1 3.801318 -0.015867 -0.233606
12 2 7.624916 -0.031996 -0.235650
12 3 11.492973 -0.048666 -0.239048
12 4 15.427465 -0.066180 -0.243780
12 5 19.449980 -0.084889 -0.249813
12 6 23.581402 -0.105215 -0.257087
12 7 27.841336 -0.127684 -0.265491
12 8 32.247068 -0.152975 -0.274822
12 9 36.811568 -0.181993 -0.284695
12 10 41.539546 -0.215962 -0.294358
12 11 46.419467 -0.256513 -0.302321
12 12 51.407342 -0.305631 -0.305631
12 13 56.395292 -0.364935 -0.298753
12 14 61.158677 -0.432807 -0.272914
12 15 65.303229 -0.496362 -0.220592
12 16 68.358825 -0.521275 -0.155823
12 17 70.389320 -0.526071 -0.098938
12 18 71.588186 -0.524404 -0.052624
12 19 72.106971 -0.522693 -0.013132
12 20 72.016810 -0.523205 0.024566
12 21 71.305124 -0.525674 0.065637
12 22 69.874408 -0.527068 0.115167
12 23 67.546065 -0.519422 0.176506
12 24 64.113235 -0.486252 0.244513
12 25 59.565130 -0.407057 0.291942
12 26 54.584197 -0.336597 0.306922
12 27 49.547156 -0.280301 0.305390
12 28 44.616224 -0.235360 0.297028
12 29 39.852124 -0.198659 0.286313
12 30 35.270930 -0.167906 0.275220
12 31 30.868903 -0.141517 0.264637
12 32 26.633150 -0.118394 0.254979
12 33 22.546340 -0.097745 0.246453
12 34 18.588895 -0.078982 0.239162
12 35 14.740067 -0.061648 0.233161
12 36 10.978498 -0.045374 0.228478
12 37 7.282520 -0.029851 0.225127
12 38 3.630314 -0.014808 0.223115
12 39 0.000000 0.000000 0.111222
13 0 0.000000 0.000000 0.000000
13 1 4.049145 -0.014371 -0.248924
13 2 8.124908 -0.029004 -0.251374
13 3 12.254038 -0.044173 -0.255473
13 4 16.463575 -0.060186 -0.261242
13 5 20.780997 -0.077397 -0.268711
13 6 25.234346 -0.096244 -0.277920
13 7 29.852336 -0.117284 -0.288908
13 8 34.664340 -0.141268 -0.301706
13 9 39.700060 -0.169263 -0.316293
13 10 44.988170 -0.202873 -0.332468
13 11 50.551874 -0.244645 -0.349481
13 12 56.395292 -0.298753 -0.364935
13 13 62.463411 -0.371821 -0.371821
13 14 68.531586 -0.471727 -0.351868
13 15 73.948425 -0.590594 -0.271049
13 16 77.378673 -0.596137 -0.166736
13 17 79.390699 -0.579623 -0.095217
13 18 80.486582 -0.564870 -0.047524
13 19 80.941876 -0.557616 -0.011635
13 20 80.866363 -0.559014 0.021389
13 21 80.243723 -0.569032 0.059476
13 22 78.925060 -0.586162 0.112388
13 23 76.575364 -0.602870 0.193579
13 24 72.606600 -0.588228 0.310984
13 25 66.424808 -0.424535 0.382994
13 26 60.105625 -0.329678 0.378555
13 27 54.068718 -0.266577 0.359424
13 28 48.373984 -0.220344 0.339025
13 29 43.002898 -0.184186 0.320229
13 30 37.921675 -0.154616 0.303536
13 31 33.095426 -0.129640 0.288930
13 32 28.490952 -0.108005 0.276301
13 33 24.076936 -0.088867 0.265541
13 34 19.823646 -0.071611 0.256566
13 35 15.702592 -0.055773 0.249306
13 36 11.686249 -0.040982 0.243711
13 37 7.747822 -0.026930 0.239742
13 38 3.861045 -0.013350 0.237371
13 39 0.000000 0.000000 0.118291
14 0 0.000000 0.000000 0.000000
14 1 4.270402 -0.012615 -0.262610
14 2 8.571612 -0.025475 -0.265452
14 3 12.934802 -0.038838 -0.270229
14 4 17.391932 -0.052992 -0.277004
14 5 21.976234 -0.068270 -0.285871
14 6 26.722815 -0.085079 -0.296974
14 7 31.669494 -0.103939 -0.310515
14 8 36.858072 -0.125549 -0.326801
14 9 42.336337 -0.150917 -0.346300
14 10 48.161364 -0.181624 -0.369741
14 11 54.404717 -0.220441 -0.398200
14 12 61.158677 -0.272914 -0.432807
14 13 68.531586 -0.351868 -0.471727
14 14 76.555919 -0.491686 -0.491686
14 15 84.580281 -0.798145 -0.345001
14 16 87.816802 -0.693053 -0.144852
14 17 89.308276 -0.631410 -0.067672
14 18 90.025621 -0.597835 -0.030618
14 19 90.307644 -0.583886 -0.007276
14 20 90.263097 -0.586200 0.013151
14 21 89.878403 -0.605276 0.038489
14 22 89.006812 -0.645676 0.081329
14 23 87.223808 -0.717664 0.174439
14 24 83.313090 -0.839255 0.422848
14 25 73.422004 -0.373175 0.550493
14 26 65.344928 -0.291001 0.464879
14 27 58.248275 -0.235986 0.414724
14 28 51.808277 -0.195252 0.379419
14 29 45.863993 -0.163126 0.352040
14 30 40.317628 -0.136733 0.329767
14 31 35.100353 -0.114419 0.311248
14 32 30.158459 -0.095122 0.295752
14 33 25.446955 -0.078105 0.282847
14 34 20.926288 -0.062822 0.272255
14 35 16.560509 -0.048851 0.263790
14 36 12.316160 -0.035851 0.257321
14 37 8.161519 -0.023537 0.252759
14 38 4.066059 -0.011662 0.250046
14 39 0.000000 0.000000 0.124572
15 0 0.000000 0.000000 0.000000
15 1 4.460902 -0.010614 -0.274399
15 2 8.956418 -0.021443 -0.277598
15 3 13.521731 -0.032713 -0.282990
15 4 18.193247 -0.044674 -0.290673
15 5 23.009343 -0.057612 -0.300798
15 6 28.011346 -0.071864 -0.313589
15 7 33.244925 -0.087844 -0.329378
15 8 38.762290 -0.106073 -0.348684
15 9 44.626016 -0.127232 -0.372367
15 10 50.916390 -0.152262 -0.401992
15 11 57.747095 -0.182581 -0.440771
15 12 65.303229 -0.220592 -0.496362
15 13 73.948425 -0.271049 -0.590594
15 14 84.580281 -0.345001 -0.798145
15 15 100.000000 0.000000 0.000000
15 16 100.000000 0.000000 0.000000
15 17 100.000000 0.000000 0.000000
15 18 100.000000 0.000000 0.000000
15 19 100.000000 0.000000 0.000000
15 20 100.000000 0.000000 0.000000
15 21 100.000000 0.000000 0.000000
15 22 100.000000 0.000000 0.000000
15 23 100.000000 0.000000 0.000000
15 24 100.000000 0.000000 0.000000
15 25 78.605301 -0.260915 0.931248
15 26 69.603945 -0.225165 0.515744
15 27 61.771339 -0.191114 0.455173
15 28 54.747029 -0.161551 0.411885
15 29 48.327349 -0.136332 0.378747
15 30 42.384674 -0.114773 0.352243
15 31 36.830077 -0.096181 0.330542
15 32 31.595743 -0.079959 0.312615
15 33 26.626287 -0.065609 0.297841
15 34 21.874169 -0.052722 0.285819
15 35 17.297101 -0.040958 0.276277
15 36 12.856437 -0.030034 0.269025
15 37 8.516081 -0.019706 0.263931
15 38 4.241687 -0.009760 0.260908
15 39 0.000000 0.000000 0.129953
16 0 0.000000 0.000000 0.000000
16 1 4.616836 -0.008397 -0.284052
16 2 9.271505 -0.016969 -0.287552
16 3 14.002567 -0.025897 -0.293461
16 4 18.850113 -0.035381 -0.301902
16 5 23.856693 -0.045639 -0.313061
16 6 29.068462 -0.056920 -0.327206
16 7 34.536737 -0.069500 -0.344724
16 8 40.320315 -0.083667 -0.366189
16 9 46.489211 -0.099676 -0.392490
16 10 53.131233 -0.117613 -0.425089
16 11 60.364172 -0.137027 -0.466530
16 12 68.358825 -0.155823 -0.521275
16 13 77.378673 -0.166736 -0.596137
16 14 87.816802 -0.144852 -0.693053
16 15 100.000000 0.000000 0.000000
16 16 100.000000 0.000000 0.000000
16 17 100.000000 0.000000 0.000000
16 18 100.000000 0.000000 0.000000
16 19 100.000000 0.000000 0.000000
16 20 100.000000 0.000000 0.000000
16 21 100.000000 0.000000 0.000000
16 22 100.000000 0.000000 0.000000
16 23 100.000000 0.000000 0.000000
16 24 100.000000 0.000000 0.000000
16 25 81.938305 -0.163251 0.836567
16 26 72.694342 -0.157629 0.534681
16 27 64.486261 -0.141753 0.478338
16 28 57.081320 -0.123506 0.434201
16 29 50.313880 -0.105877 0.398819
16 30 44.063824 -0.089844 0.369918
16 31 38.239712 -0.075574 0.346062
16 32 32.768316 -0.062923 0.326325
16 33 27.588429 -0.051650 0.310084
16 34 22.647128 -0.041497 0.296906
16 35 17.897393 -0.032226 0.286477
16 36 13.296481 -0.023621 0.278573
16 37 8.804730 -0.015493 0.273034
16 38 4.384623 -0.007672 0.269752
16 39 0.000000 0.000000 0.134332
17 0 0.000000 0.000000 0.000000
17 1 4.734985 -0.006006 -0.291368
17 2 9.510282 -0.012138 -0.295098
17 3 14.367025 -0.018527 -0.301402
17 4 19.348075 -0.025312 -0.310415
17 5 24.499003 -0.032643 -0.322338
17 6 29.869231 -0.040678 -0.337450
17 7 35.513413 -0.049569 -0.356125
17 8 41.493185 -0.059418 -0.378860
17 9 47.879439 -0.070190 -0.406313
17 10 54.755300 -0.081488 -0.439343
17 11 62.219659 -0.092089 -0.478981
17 12 70.389320 -0.098938 -0.526071
17 13 79.390699 -0.095217 -0.579623
17 14 89.308276 -0.067672 -0.631410
17 15 100.000000 0.000000 0.000000
17 16 100.000000 0.000000 0.000000
17 17 100.000000 0.000000 0.000000
17 18 100.000000 0.000000 0.000000
17 19 100.000000 0.000000 0.000000
17 20 100.000000 0.000000 0.000000
17 21 100.000000 0.000000 0.000000
17 22 100.000000 0.000000 0.000000
17 23 100.000000 0.000000 0.000000
17 24 100.000000 0.000000 0.000000
17 25 83.933842 -0.095063 0.773619
17 26 74.748981 -0.100347 0.537242
17 27 66.398189 -0.094764 0.489297
17 28 58.778277 -0.084842 0.447761
17 29 51.783202 -0.073827 0.412409
17 30 45.317208 -0.063154 0.382547
17 31 39.296807 -0.053346 0.357464
17 32 33.649545 -0.044509 0.336539
17 33 28.312135 -0.036570 0.319266
17 34 23.228650 -0.029392 0.305243
17 35 18.348967 -0.022828 0.294154
17 36 13.627440 -0.016732 0.285758
17 37 9.021781 -0.010974 0.279881
17 38 4.492090 -0.005433 0.276401
17 39 0.000000 0.000000 0.137625
18 0 0.000000 0.000000 0.000000
18 1 4.812873 -0.003489 -0.296190
18 2 9.667692 -0.007051 -0.300073
18 3 14.607282 -0.010760 -0.306635
18 4 19.676289 -0.014696 -0.316018
18 5 24.922162 -0.018943 -0.328427
18 6 30.396205 -0.023581 -0.344132
18 7 36.154663 -0.028678 -0.363465
18 8 42.259736 -0.034248 -0.386811
18 9 48.780212 -0.040177 -0.414559
18 10 55.791010 -0.046060 -0.446988
18 11 63.369959 -0.050902 -0.483980
18 12 71.588186 -0.052624 -0.524404
18 13 80.486582 -0.047524 -0.564870
18 14 90.025621 -0.030618 -0.597835
18 15 100.000000 0.000000 0.000000
18 16 100.000000 0.000000 0.000000
18 17 100.000000 0.000000 0.000000
18 18 100.000000 0.000000 0.000000
18 19 100.000000 0.000000 0.000000
18 20 100.000000 0.000000 0.000000
18 21 100.000000 0.000000 0.000000
18 22 100.000000 0.000000 0.000000
18 23 100.000000 0.000000 0.000000
18 24 100.000000 0.000000 0.000000
18 25 85.041166 -0.049019 0.736220
18 26 75.969669 -0.053930 0.534979
18 27 67.579382 -0.052116 0.493843
18 28 59.850560 -0.047269 0.455138
18 29 52.723616 -0.041437 0.420506
18 30 46.125179 -0.035598 0.390399
18 31 39.980936 -0.030148 0.364707
18 32 34.221089 -0.025197 0.343101
18 33 28.782066 -0.020728 0.325201
18 34 23.606501 -0.016675 0.310648
18 35 18.642489 -0.012960 0.299138
18 36 13.842608 -0.009505 0.290427
18 37 9.162911 -0.006236 0.284332
18 38 4.561971 -0.003088 0.280725
18 39 0.000000 0.000000 0.139766
19 0 0.000000 0.000000 0.000000
19 1 4.848864 -0.000899 -0.298418
19 2 9.740412 -0.001815 -0.302369
19 3 14.718231 -0.002766 -0.309048
19 4 19.827766 -0.003771 -0.318598
19 5 25.117297 -0.004851 -0.331223
19 6 30.638922 -0.006026 -0.347185
19 7 36.449462 -0.007314 -0.366791
19 8 42.611044 -0.008719 -0.390359
19 9 49.190818 -0.010210 -0.418125
19 10 56.258706 -0.011674 -0.450068
19 11 63.881098 -0.012834 -0.485545
19 12 72.106971 -0.013132 -0.522693
19 13 80.941876 -0.011635 -0.557616
19 14 90.307644 -0.007276 -0.583886
19 15 100.000000 0.000000 0.000000
19 16 100.000000 0.000000 0.000000
19 17 100.000000 0.000000 0.000000
19 18 100.000000 0.000000 0.000000
19 19 100.000000 0.000000 0.000000
19 20 100.000000 0.000000 0.000000
19 21 100.000000 0.000000 0.000000
19 22 100.000000 0.000000 0.000000
19 23 100.000000 0.000000 0.000000
19 24 100.000000 0.000000 0.000000
19 25 85.533834 -0.015009 0.719689
19 26 76.509263 -0.014239 0.534146
19 27 68.099251 -0.012500 0.495958
19 28 60.321128 -0.010680 0.458440
19 29 53.135697 -0.009052 0.424079
19 30 46.479134 -0.007654 0.393836
19 31 40.280846 -0.006452 0.367865
19 32 34.471974 -0.005403 0.345959
19 33 28.988688 -0.004469 0.327788
19 34 23.772927 -0.003620 0.313010
19 35 18.771986 -0.002833 0.301324
19 36 13.937671 -0.002090 0.292482
19 37 9.225329 -0.001378 0.286297
19 38 4.592898 -0.000684 0.282638
19 39 0.000000 0.000000 0.140713
20 0 0.000000 0.000000 0.000000
20 1 4.842220 0.001708 -0.298006
20 2 9.726942 0.003455 -0.301940
20 3 14.697571 0.005282 -0.308591
20 4 19.799378 0.007229 -0.318103
20 5 25.080485 0.009337 -0.330682
20 6 30.592882 0.011643 -0.346595
20 7 36.393384 0.014168 -0.366158
20 8 42.544323 0.016896 -0.389707
20 9 49.113461 0.019730 -0.417514
20 10 56.172037 0.022410 -0.449612
20 11 63.788869 0.024370 -0.485438
20 12 72.016810 0.024566 -0.523205
20 13 80.866363 0.021389 -0.559014
20 14 90.263097 0.013151 -0.586200
20 15 100.000000 0.000000 0.000000
20 16 100.000000 0.000000 0.000000
20 17 100.000000 0.000000 0.000000
20 18 100.000000 0.000000 0.000000
20 19 100.000000 0.000000 0.000000
20 20 100.000000 0.000000 0.000000
20 21 100.000000 0.000000 0.000000
20 22 100.000000 0.000000 0.000000
20 23 100.000000 0.000000 0.000000
20 24 100.000000 0.000000 0.000000
20 25 85.531064 0.015937 0.721982
20 26 76.434416 0.024485 0.537488
20 27 67.987373 0.027036 0.497401
20 28 60.199165 0.026099 0.458585
20 29 53.019086 0.023561 0.423533
20 30 46.374991 0.020488 0.393000
20 31 40.191516 0.017398 0.366958
20 32 34.397438 0.014506 0.345084
20 33 28.927937 0.011874 0.326983
20 34 23.724663 0.009497 0.312283
20 35 18.734963 0.007338 0.300667
20 36 13.910837 0.005354 0.291882
20 37 9.207884 0.003499 0.285738
20 38 4.584309 0.001729 0.282103
20 39 0.000000 0.000000 0.140450
21 0 0.000000 0.000000 0.000000
21 1 4.793124 0.004275 -0.294963
21 2 9.627645 0.008645 -0.298795
21 3 14.545841 0.013209 -0.305274
21 4 19.591819 0.018067 -0.314542
21 5 24.812531 0.023327 -0.326809
21 6 30.258895 0.029093 -0.342355
21 7 35.987031 0.035445 -0.361539
21 8 42.059568 0.042404 -0.384796
21 9 48.546819 0.049825 -0.412611
21 10 55.527249 0.057212 -0.445428
21 11 63.085651 0.063339 -0.483389
21 12 71.305124 0.065637 -0.525674
21 13 80.243723 0.059476 -0.569032
21 14 89.878403 0.038489 -0.605276
21 15 100.000000 0.000000 0.000000
21 16 100.000000 0.000000 0.000000
21 17 100.000000 0.000000 0.000000
21 18 100.000000 0.000000 0.000000
21 19 100.000000 0.000000 0.000000
21 20 100.000000 0.000000 0.000000
21 21 100.000000 0.000000 0.000000
21 22 100.000000 0.000000 0.000000
21 23 100.000000 0.000000 0.000000
21 24 100.000000 0.000000 0.000000
21 25 85.013663 0.053773 0.744173
21 26 75.710082 0.069205 0.545245
21 27 67.216804 0.070058 0.497573
21 28 59.469239 0.064481 0.454966
21 29 52.366667 0.056709 0.418467
21 30 45.810407 0.048646 0.387673
21 31 39.712965 0.041050 0.361883
21 32 33.998493 0.034155 0.340435
21 33 28.601108 0.027964 0.322779
21 34 23.462957 0.022394 0.308474
21 35 18.532472 0.017334 0.297182
21 36 13.762907 0.012670 0.288643
21 37 9.111109 0.008292 0.282672
21 38 4.536468 0.004100 0.279138
21 39 0.000000 0.000000 0.138984
22 0 0.000000 0.000000 0.000000
22 1 4.702679 0.006747 -0.289360
22 2 9.444754 0.013643 -0.293006
22 3 14.266436 0.020841 -0.299169
22 4 19.209656 0.028505 -0.307984
22 5 24.319074 0.036813 -0.319657
22 6 29.643298 0.045954 -0.334477
22 7 35.236445 0.056117 -0.352847
22 8 41.160262 0.067448 -0.375327
22 9 47.487158 0.079955 -0.402706
22 10 54.304630 0.093274 -0.436099
22 11 61.721482 0.106136 -0.477013
22 12 69.874408 0.115167 -0.527068
22 13 78.925060 0.112388 -0.586162
22 14 89.006812 0.081329 -0.645676
22 15 100.000000 0.000000 0.000000
22 16 100.000000 0.000000 0.000000
22 17 100.000000 0.000000 0.000000
22 18 100.000000 0.000000 0.000000
22 19 100.000000 0.000000 0.000000
22 20 100.000000 0.000000 0.000000
22 21 100.000000 0.000000 0.000000
22 22 100.000000 0.000000 0.000000
22 23 100.000000 0.000000 0.000000
22 24 100.000000 0.000000 0.000000
22 25 83.775915 0.116482 0.791186
22 26 74.175568 0.128503 0.553774
22 27 65.700672 0.119510 0.492678
22 28 58.094487 0.105059 0.445236
22 29 51.168113 0.090146 0.407697
22 30 44.787188 0.076336 0.377342
22 31 38.851623 0.064003 0.352467
22 32 33.282627 0.053098 0.331997
22 33 28.015198 0.043432 0.315223
22 34 22.993714 0.034782 0.301654
22 35 18.169164 0.026936 0.290943
22 36 13.497288 0.019699 0.282840
22 37 8.937225 0.012899 0.277169
22 38 4.450469 0.006381 0.273811
22 39 0.000000 0.000000 0.136350
23 0 0.000000 0.000000 0.000000
23 1 4.572889 0.009071 -0.281320
23 2 9.182338 0.018338 -0.284702
23 3 13.865602 0.028006 -0.290412
23 4 18.661427 0.038298 -0.298570
23 5 23.610961 0.049464 -0.309359
23 6 28.758940 0.061795 -0.323050
23 7 34.155356 0.075621 -0.340045
23 8 39.858048 0.091317 -0.360958
23 9 45.937080 0.109272 -0.386786
23 10 52.482782 0.129792 -0.419247
23 11 59.621366 0.152763 -0.461496
23 12 67.546065 0.176506 -0.519422
23 13 76.575364 0.193579 -0.602870
23 14 87.223808 0.174439 -0.717664
23 15 100.000000 0.000000 0.000000
23 16 100.000000 0.000000 0.000000
23 17 100.000000 0.000000 0.000000
23 18 100.000000 0.000000 0.000000
23 19 100.000000 0.000000 0.000000
23 20 100.000000 0.000000 0.000000
23 21 100.000000 0.000000 0.000000
23 22 100.000000 0.000000 0.000000
23 23 100.000000 0.000000 0.000000
23 24 100.000000 0.000000 0.000000
23 25 81.211663 0.251199 0.872676
23 26 71.515735 0.208814 0.548272
23 27 63.315984 0.174419 0.474129
23 28 56.040096 0.146099 0.425602
23 29 49.424293 0.122480 0.389744
23 30 43.318791 0.102549 0.361530
23 31 37.623893 0.085528 0.338645
23 32 32.265361 0.070803 0.319864
23 33 27.183495 0.057883 0.304462
23 34 22.327669 0.046366 0.291978
23 35 17.653289 0.035927 0.282099
23 36 13.119931 0.026291 0.274607
23 37 8.690079 0.017225 0.269353
23 38 4.328200 0.008523 0.266239
23 39 0.000000 0.000000 0.132604
24 0 0.000000 0.000000 0.000000
24 1 4.406588 0.011200 -0.271022
24 2 8.846185 0.022633 -0.274071
24 3 13.352316 0.034548 -0.279209
24 4 17.959621 0.047215 -0.286526
24 5 22.704554 0.060952 -0.296160
24 6 27.626308 0.076139 -0.308320
24 7 32.768164 0.093255 -0.323325
24 8 38.179664 0.112926 -0.341676
24 9 43.920502 0.136024 -0.364231
24 10 50.068206 0.163858 -0.392608
24 11 56.735271 0.198619 -0.430299
24 12 64.113235 0.244513 -0.486252
24 13 72.606600 0.310984 -0.588228
24 14 83.313090 0.422848 -0.839255
24 15 100.000000 0.000000 0.000000
24 16 100.000000 0.000000 0.000000
24 17 100.000000 0.000000 0.000000
24 18 100.000000 0.000000 0.000000
24 19 100.000000 0.000000 0.000000
24 20 100.000000 0.000000 0.000000
24 21 100.000000 0.000000 0.000000
24 22 100.000000 0.000000 0.000000
24 23 100.000000 0.000000 0.000000
24 24 100.000000 0.000000 0.000000
24 25 75.576758 0.375414 1.000000
24 26 67.359866 0.281133 0.476994
24 27 60.007598 0.223255 0.429963
24 28 53.325801 0.182437 0.393296
24 29 47.170356 0.151125 0.364148
24 30 41.439977 0.125852 0.340390
24 31 36.059977 0.104757 0.320721
24 32 30.971597 0.086704 0.304351
24 33 26.125904 0.070929 0.290786
24 34 21.480306 0.056874 0.279699
24 35 16.996497 0.044116 0.270868
24 36 12.639145 0.032313 0.264138
24 37 8.375008 0.021185 0.259401
24 38 4.172267 0.010488 0.256586
24 39 0.000000 0.000000 0.127826
25 0 0.000000 0.000000 0.000000
25 1 4.207328 0.013094 -0.258687
25 2 8.443580 0.026448 -0.261354
25 3 12.737964 0.040336 -0.265830
25 4 17.120317 0.055064 -0.272165
25 5 21.621476 0.070990 -0.280435
25 6 26.273741 0.088556 -0.290747
25 7 31.111501 0.108333 -0.303258
25 8 36.172121 0.131108 -0.318189
25 9 41.497231 0.158040 -0.335854
25 10 47.134433 0.190997 -0.356653
25 11 53.138428 0.233340 -0.380841
25 12 59.565130 0.291942 -0.407057
25 13 66.424808 0.382994 -0.424535
25 14 73.422004 0.550493 -0.373175
25 15 78.605301 0.931248 -0.260915
25 16 81.938305 0.836567 -0.163251
25 17 83.933842 0.773619 -0.095063
25 18 85.041166 0.736220 -0.049019
25 19 85.533834 0.719689 -0.015009
25 20 85.531064 0.721982 0.015937
25 21 85.013663 0.744173 0.053773
25 22 83.775915 0.791186 0.116482
25 23 81.211663 0.872676 0.251199
25 24 75.576758 1.000000 0.375414
25 25 68.958107 0.405551 0.405551
25 26 62.339532 0.317047 0.396113
25 27 56.028916 0.255030 0.375433
25 28 50.085339 0.209267 0.353472
25 29 44.491545 0.173733 0.333159
25 30 39.210974 0.144976 0.315162
25 31 34.204621 0.120942 0.299498
25 32 29.435316 0.100329 0.286036
25 33 24.868367 0.082254 0.274632
25 34 20.471285 0.066086 0.265165
25 35 16.213351 0.051348 0.257538
25 36 12.065221 0.037661 0.251677
25 37 7.998585 0.024716 0.247528
25 38 3.985874 0.012243 0.245054
25 39 0.000000 0.000000 0.122116
26 0 0.000000 0.000000 0.000000
26 1 3.979195 0.014729 -0.244574
26 2 7.982922 0.029728 -0.246830
26 3 12.035751 0.045284 -0.250594
26 4 16.162339 0.061714 -0.255872
26 5 20.387442 0.079387 -0.262668
26 6 24.735844 0.098760 -0.270977
26 7 29.232154 0.120414 -0.280772
26 8 33.900267 0.145134 -0.291969
26 9 38.762047 0.174031 -0.304342
26 10 43.834039 0.208749 -0.317308
26 11 49.119038 0.251799 -0.329354
26 12 54.584197 0.306922 -0.336597
26 13 60.105625 0.378555 -0.329678
26 14 65.344928 0.464879 -0.291001
26 15 69.603945 0.515744 -0.225165
26 16 72.694342 0.534681 -0.157629
26 17 74.748981 0.537242 -0.100347
26 18 75.969669 0.534979 -0.053930
26 19 76.509263 0.534146 -0.014239
26 20 76.434416 0.537488 0.024485
26 21 75.710082 0.545245 0.069205
26 22 74.175568 0.553774 0.128503
26 23 71.515735 0.548272 0.208814
26 24 67.359866 0.476994 0.281133
26 25 62.339532 0.396113 0.317047
26 26 57.011409 0.326474 0.326474
26 27 51.683379 0.270551 0.322184
26 28 46.495285 0.225870 0.311999
26 29 41.499704 0.189561 0.299856
26 30 36.707943 0.159377 0.287600
26 31 32.112400 0.133708 0.276074
26 32 27.696847 0.111415 0.265663
26 33 23.441114 0.091673 0.256543
26 34 19.323243 0.073869 0.248792
26 35 15.320504 0.057528 0.242443
26 36 11.409878 0.042268 0.237506
26 37 7.568283 0.027774 0.233982
26 38 3.772660 0.013768 0.231870
26 39 0.000000 0.000000 0.115583
27 0 0.000000 0.000000 0.000000
27 1 3.726576 0.016093 -0.228959
27 2 7.473242 0.032453 -0.230799
27 3 11.259884 0.049359 -0.233845
27 4 15.105978 0.067119 -0.238062
27 5 19.030258 0.086087 -0.243388
27 6 23.050206 0.106683 -0.249721
27 7 27.181182 0.129428 -0.256884
27 8 31.434929 0.154983 -0.264572
27 9 35.816835 0.184200 -0.272238
27 10 40.320822 0.218170 -0.278884
27 11 44.919662 0.258186 -0.282668
27 12 49.547156 0.305390 -0.280301
27 13 54.068718 0.359424 -0.266577
27 14 58.248275 0.414724 -0.235986
27 15 61.771339 0.455173 -0.191114
27 16 64.486261 0.478338 -0.141753
27 17 66.398189 0.489297 -0.094764
27 18 67.579382 0.493843 -0.052116
27 19 68.099251 0.495958 -0.012500
27 20 67.987373 0.497401 0.027036
27 21 67.216804 0.497573 0.070058
27 22 65.700672 0.492678 0.119510
27 23 63.315984 0.474129 0.174419
27 24 60.007598 0.429963 0.223255
27 25 56.028916 0.375433 0.255030
27 26 51.683379 0.322184 0.270551
27 27 47.198097 0.274829 0.274829
27 28 42.712914 0.234100 0.272482
27 29 38.304239 0.199266 0.266666
27 30 34.008885 0.169263 0.259309
27 31 29.840368 0.143099 0.251536
27 32 25.798724 0.119949 0.244001
27 33 21.876146 0.099155 0.237086
27 34 18.060193 0.080189 0.231019
27 35 14.335643 0.062626 0.225937
27 36 10.685578 0.046111 0.221923
27 37 7.092052 0.030343 0.219027
27 38 3.536497 0.015054 0.217280
27 39 0.000000 0.000000 0.108348
28 0 0.000000 0.000000 0.000000
28 1 3.453917 0.017191 -0.212121
28 2 6.923662 0.034631 -0.213564
28 3 10.424669 0.052580 -0.215927
28 4 13.971557 0.071318 -0.219144
28 5 17.577556 0.091158 -0.223104
28 6 21.253702 0.112457 -0.227636
28 7 25.007615 0.135632 -0.232472
28 8 28.841615 0.161168 -0.237196
28 9 32.749731 0.189617 -0.241155
28 10 36.712936 0.221545 -0.243323
28 11 40.691816 0.257384 -0.242134
28 12 44.616224 0.297028 -0.235360
28 13 48.373984 0.339025 -0.220344
28 14 51.808277 0.379419 -0.195252
28 15 54.747029 0.411885 -0.161551
28 16 57.081320 0.434201 -0.123506
28 17 58.778277 0.447761 -0.084842
28 18 59.850560 0.455138 -0.047269
28 19 60.321128 0.458440 -0.010680
28 20 60.199165 0.458585 0.026099
28 21 59.469239 0.454966 0.064481
28 22 58.094487 0.445236 0.105059
28 23 56.040096 0.425602 0.146099
28 24 53.325801 0.393296 0.182437
28 25 50.085339 0.353472 0.209267
28 26 46.495285 0.311999 0.225870
28 27 42.712914 0.272482 0.234100
28 28 38.854232 0.236435 0.236435
28 29 34.995649 0.204138 0.235019
28 30 31.183178 0.175311 0.231433
28 31 27.441641 0.149475 0.226760
28 32 23.781699 0.126128 0.221719
28 33 20.204697 0.104807 0.216783
28 34 16.705864 0.085107 0.212263
28 35 13.276392 0.066675 0.208365
28 36 9.904810 0.049207 0.205223
28 37 6.577892 0.032432 0.202926
28 38 3.281292 0.016106 0.201528
28 39 0.000000 0.000000 0.100529
29 0 0.000000 0.000000 0.000000
29 1 3.165475 0.018039 -0.194328
29 2 6.342893 0.036300 -0.195410
29 3 9.543673 0.055012 -0.197158
29 4 12.778147 0.074415 -0.199484
29 5 16.054853 0.094770 -0.202249
29 6 19.379592 0.116356 -0.205247
29 7 22.754133 0.139475 -0.208172
29 8 26.174369 0.164443 -0.210587
29 9 29.627723 0.191553 -0.211862
29 10 33.089565 0.221010 -0.211118
29 11 36.518630 0.252775 -0.207185
29 12 39.852124 0.286313 -0.198659
29 13 43.002898 0.320229 -0.184186
29 14 45.863993 0.352040 -0.163126
29 15 48.327349 0.378747 -0.136332
29 16 50.313880 0.398819 -0.105877
29 17 51.783202 0.412409 -0.073827
29 18 52.723616 0.420506 -0.041437
29 19 53.135697 0.424079 -0.009052
29 20 53.019086 0.423533 0.023561
29 21 52.366667 0.418467 0.056709
29 22 51.168113 0.407697 0.090146
29 23 49.424293 0.389744 0.122480
29 24 47.170356 0.364148 0.151125
29 25 44.491545 0.333159 0.173733
29 26 41.499704 0.299856 0.189561
29 27 38.304239 0.266666 0.199266
29 28 34.995649 0.235019 0.204138
29 29 31.641139 0.205542 0.205542
29 30 28.286722 0.178367 0.204645
29 31 24.961491 0.153362 0.202353
29 32 21.681889 0.130281 0.199334
29 33 18.455219 0.108840 0.196065
29 34 15.282290 0.088756 0.192887
29 35 12.159346 0.069762 0.190037
29 36 9.079444 0.051611 0.187680
29 37 6.033453 0.034074 0.185926
29 38 3.010793 0.016938 0.184848
29 39 0.000000 0.000000 0.092242
30 0 0.000000 0.000000 0.000000
30 1 2.865132 0.018665 -0.175821
30 2 5.738834 0.037518 -0.176591
30 3 8.629080 0.056752 -0.177811
30 4 11.542625 0.076563 -0.179386
30 5 14.484253 0.097151 -0.181164
30 6 17.455835 0.118721 -0.182930
30 7 20.455122 0.141471 -0.184385
30 8 23.474183 0.165574 -0.185118
30 9 26.497412 0.191144 -0.184588
30 10 29.499156 0.218165 -0.182101
30 11 32.441203 0.246394 -0.176831
30 12 35.270930 0.275220 -0.167906
30 13 37.921675 0.303536 -0.154616
30 14 40.317628 0.329767 -0.136733
30 15 42.384674 0.352243 -0.114773
30 16 44.063824 0.369918 -0.089844
30 17 45.317208 0.382547 -0.063154
30 18 46.125179 0.390399 -0.035598
30 19 46.479134 0.393836 -0.007654
30 20 46.374991 0.393000 0.020488
30 21 45.810407 0.387673 0.048646
30 22 44.787188 0.377342 0.076336
30 23 43.318791 0.361530 0.102549
30 24 41.439977 0.340390 0.125852
30 25 39.210974 0.315162 0.144976
30 26 36.707943 0.287600 0.159377
30 27 34.008885 0.259309 0.169263
30 28 31.183178 0.231433 0.175311
30 29 28.286722 0.204645 0.178367
30 30 25.361258 0.179253 0.179253
30 31 22.435879 0.155326 0.178674
30 32 19.529299 0.132795 0.177197
30 33 16.652130 0.111517 0.175258
30 34 13.808843 0.091316 0.173185
30 35 10.999347 0.072006 0.171219
30 36 8.220232 0.053400 0.169534
30 37 5.465723 0.035314 0.168253
30 38 2.728439 0.017572 0.167454
30 39 0.000000 0.000000 0.083592
31 0 0.000000 0.000000 0.000000
31 1 2.556261 0.019102 -0.156810
31 2 5.118298 0.038356 -0.157322
31 3 7.691278 0.057916 -0.158113
31 4 10.279133 0.077932 -0.159085
31 5 12.883830 0.098551 -0.160091
31 6 15.504519 0.119907 -0.160927
31 7 18.136499 0.142114 -0.161319
31 8 20.769997 0.165241 -0.160914
31 9 23.388763 0.189283 -0.159271
31 10 25.968627 0.214113 -0.155867
31 11 28.476281 0.239418 -0.150130
31 12 30.868903 0.264637 -0.141517
31 13 33.095426 0.288930 -0.129640
31 14 35.100353 0.311248 -0.114419
31 15 36.830077 0.330542 -0.096181
31 16 38.239712 0.346062 -0.075574
31 17 39.296807 0.357464 -0.053346
31 18 39.980936 0.364707 -0.030148
31 19 40.280846 0.367865 -0.006452
31 20 40.191516 0.366958 0.017398
31 21 39.712965 0.361883 0.041050
31 22 38.851623 0.352467 0.064003
31 23 37.623893 0.338645 0.085528
31 24 36.059977 0.320721 0.104757
31 25 34.204621 0.299498 0.120942
31 26 32.112400 0.276074 0.133708
31 27 29.840368 0.251536 0.143099
31 28 27.441641 0.226760 0.149475
31 29 24.961491 0.202353 0.153362
31 30 22.435879 0.178674 0.155326
31 31 19.891622 0.155895 0.155895
31 32 17.347438 0.134056 0.155524
31 33 14.815284 0.113117 0.154587
31 34 12.301708 0.092987 0.153377
31 35 9.809050 0.073547 0.152121
31 36 7.336472 0.054668 0.150987
31 37 4.880804 0.036211 0.150098
31 38 2.437252 0.018035 0.149534
31 39 0.000000 0.000000 0.074670
32 0 0.000000 0.000000 0.000000
32 1 2.241651 0.019386 -0.137465
32 2 4.486880 0.038889 -0.137776
32 3 6.738686 0.058625 -0.138235
32 4 8.998900 0.078700 -0.138751
32 5 11.267535 0.099214 -0.139189
32 6 13.542047 0.120244 -0.139367
32 7 15.816508 0.141837 -0.139051
32 8 18.080700 0.163993 -0.137949
32 9 20.319185 0.186636 -0.135716
32 10 22.510477 0.209587 -0.131966
32 11 24.626568 0.232528 -0.126307
32 12 26.633150 0.254979 -0.118394
32 13 28.490952 0.276301 -0.108005
32 14 30.158459 0.295752 -0.095122
32 15 31.595743 0.312615 -0.079959
32 16 32.768316 0.326325 -0.062923
32 17 33.649545 0.336539 -0.044509
32 18 34.221089 0.343101 -0.025197
32 19 34.471974 0.345959 -0.005403
32 20 34.397438 0.345084 0.014506
32 21 33.998493 0.340435 0.034155
32 22 33.282627 0.331997 0.053098
32 23 32.265361 0.319864 0.070803
32 24 30.971597 0.304351 0.086704
32 25 29.435316 0.286036 0.100329
32 26 27.696847 0.265663 0.111415
32 27 25.798724 0.244001 0.119949
32 28 23.781699 0.221719 0.126128
32 29 21.681889 0.199334 0.130281
32 30 19.529299 0.177197 0.132795
32 31 17.347438 0.155524 0.134056
32 32 15.153677 0.134419 0.134419
32 33 12.959974 0.113909 0.134188
32 34 10.773749 0.093966 0.133615
32 35 8.598749 0.074529 0.132901
32 36 6.435857 0.055515 0.132198
32 37 4.283801 0.036826 0.131620
32 38 2.139776 0.018358 0.131243
32 39 0.000000 0.000000 0.065557
33 0 0.000000 0.000000 0.000000
33 1 1.923497 0.019553 -0.117921
33 2 3.848942 0.039191 -0.118084
33 3 5.777760 0.058993 -0.118302
33 4 7.710341 0.079031 -0.118496
33 5 9.645474 0.099361 -0.118548
33 6 11.579749 0.120017 -0.118304
33 7 13.506920 0.140999 -0.117570
33 8 15.417256 0.162258 -0.116116
33 9 17.296950 0.183681 -0.113677
33 10 19.127685 0.205071 -0.109974
33 11 20.886525 0.226130 -0.104738
33 12 22.546340 0.246453 -0.097745
33 13 24.076936 0.265541 -0.088867
33 14 25.446955 0.282847 -0.078105
33 15 26.626287 0.297841 -0.065609
33 16 27.588429 0.310084 -0.051650
33 17 28.312135 0.319266 -0.036570
33 18 28.782066 0.325201 -0.020728
33 19 28.988688 0.327788 -0.004469
33 20 28.927937 0.326983 0.011874
33 21 28.601108 0.322779 0.027964
33 22 28.015198 0.315223 0.043432
33 23 27.183495 0.304462 0.057883
33 24 26.125904 0.290786 0.070929
33 25 24.868367 0.274632 0.082254
33 26 23.441114 0.256543 0.091673
33 27 21.876146 0.237086 0.099155
33 28 20.204697 0.216783 0.104807
33 29 18.455219 0.196065 0.108840
33 30 16.652130 0.175258 0.111517
33 31 14.815284 0.154587 0.113117
33 32 12.959974 0.134188 0.113909
33 33 11.097290 0.114133 0.114133
33 34 9.234649 0.094440 0.113997
33 35 7.376407 0.075089 0.113670
33 36 5.524455 0.056037 0.113284
33 37 3.678795 0.037221 0.112941
33 38 1.838060 0.018569 0.112708
33 39 0.000000 0.000000 0.056313
34 0 0.000000 0.000000 0.000000
34 1 1.603426 0.019637 -0.098274
34 2 3.207677 0.039329 -0.098336
34 3 4.813137 0.059127 -0.098395
34 4 6.419310 0.079071 -0.098383
34 5 8.024366 0.099184 -0.098203
34 6 9.624664 0.119466 -0.097730
34 7 11.214286 0.139884 -0.096811
34 8 12.784582 0.160360 -0.095267
34 9 14.323810 0.180761 -0.092902
34 10 15.816928 0.200888 -0.089517
34 11 17.245652 0.220469 -0.084925
34 12 18.588895 0.239162 -0.078982
34 13 19.823646 0.256566 -0.071611
34 14 20.926288 0.272255 -0.062822
34 15 21.874169 0.285819 -0.052722
34 16 22.647128 0.296906 -0.041497
34 17 23.228650 0.305243 -0.029392
34 18 23.606501 0.310648 -0.016675
34 19 23.772927 0.313010 -0.003620
34 20 23.724663 0.312283 0.009497
34 21 23.462957 0.308474 0.022394
34 22 22.993714 0.301654 0.034782
34 23 22.327669 0.291978 0.046366
34 24 21.480306 0.279699 0.056874
34 25 20.471285 0.265165 0.066086
34 26 19.323243 0.248792 0.073869
34 27 18.060193 0.231019 0.080189
34 28 16.705864 0.212263 0.085107
34 29 15.282290 0.192887 0.088756
34 30 13.808843 0.173185 0.091316
34 31 12.301708 0.153377 0.092987
34 32 10.773749 0.133615 0.093966
34 33 9.234649 0.113997 0.094440
34 34 7.691226 0.094571 0.094571
34 35 6.147833 0.075351 0.094498
34 36 4.606804 0.056323 0.094330
34 37 3.068889 0.037454 0.094152
34 38 1.533677 0.018698 0.094022
34 39 0.000000 0.000000 0.046987
35 0 0.000000 0.000000 0.000000
35 1 1.282554 0.019665 -0.078592
35 2 2.565246 0.039361 -0.078594
35 3 3.847857 0.059115 -0.078560
35 4 5.129467 0.078941 -0.078438
35 5 6.408095 0.098839 -0.078152
35 6 7.680348 0.118781 -0.077603
35 7 8.941078 0.138713 -0.076677
35 8 10.183084 0.158538 -0.075239
35 9 11.396895 0.178116 -0.073149
35 10 12.570682 0.197251 -0.070266
35 11 13.690383 0.215698 -0.066464
35 12 14.740067 0.233161 -0.061648
35 13 15.702592 0.249306 -0.055773
35 14 16.560509 0.263790 -0.048851
35 15 17.297101 0.276277 -0.040958
35 16 17.897393 0.286477 -0.032226
35 17 18.348967 0.294154 -0.022828
35 18 18.642489 0.299138 -0.012960
35 19 18.771986 0.301324 -0.002833
35 20 18.734963 0.300667 0.007338
35 21 18.532472 0.297182 0.017334
35 22 18.169164 0.290943 0.026936
35 23 17.653289 0.282099 0.035927
35 24 16.996497 0.270868 0.044116
35 25 16.213351 0.257538 0.051348
35 26 15.320504 0.242443 0.057528
35 27 14.335643 0.225937 0.062626
35 28 13.276392 0.208365 0.066675
35 29 12.159346 0.190037 0.069762
35 30 10.999347 0.171219 0.072006
35 31 9.809050 0.152121 0.073547
35 32 8.598749 0.132901 0.074529
35 33 7.376407 0.113670 0.075089
35 34 6.147833 0.094498 0.075351
35 35 4.916944 0.075421 0.075421
35 36 3.686075 0.056450 0.075387
35 37 2.456300 0.037573 0.075316
35 38 1.227766 0.018768 0.075254
35 39 0.000000 0.000000 0.037615
36 0 0.000000 0.000000 0.000000
36 1 0.961564 0.019662 -0.058913
36 2 1.922927 0.039336 -0.058886
36 3 2.883623 0.059031 -0.058815
36 4 3.842659 0.078742 -0.058659
36 5 4.798263 0.098449 -0.058363
36 6 5.747626 0.118108 -0.057855
36 7 6.686673 0.137650 -0.057054
36 8 7.609869 0.156966 -0.055864
36 9 8.510093 0.175913 -0.054189
36 10 9.378619 0.194305 -0.051934
36 11 10.205229 0.211914 -0.049016
36 12 10.978498 0.228478 -0.045374
36 13 11.686249 0.243711 -0.040982
36 14 12.316160 0.257321 -0.035851
36 15 12.856437 0.269025 -0.030034
36 16 13.296481 0.278573 -0.023621
36 17 13.627440 0.285758 -0.016732
36 18 13.842608 0.290427 -0.009505
36 19 13.937671 0.292482 -0.002090
36 20 13.910837 0.291882 0.005354
36 21 13.762907 0.288643 0.012670
36 22 13.497288 0.282840 0.019699
36 23 13.119931 0.274607 0.026291
36 24 12.639145 0.264138 0.032313
36 25 12.065221 0.251677 0.037661
36 26 11.409878 0.237506 0.042268
36 27 10.685578 0.221923 0.046111
36 28 9.904810 0.205223 0.049207
36 29 9.079444 0.187680 0.051611
36 30 8.220232 0.169534 0.053400
36 31 7.336472 0.150987 0.054668
36 32 6.435857 0.132198 0.055515
36 33 5.524455 0.113284 0.056037
36 34 4.606804 0.094330 0.056323
36 35 3.686075 0.075387 0.056450
36 36 2.764277 0.056482 0.056482
36 37 1.842488 0.037622 0.056470
36 38 0.921090 0.018801 0.056449
36 39 0.000000 0.000000 0.028220
37 0 0.000000 0.000000 0.000000
37 1 0.640789 0.019646 -0.039255
37 2 1.281301 0.039292 -0.039224
37 3 1.921079 0.058932 -0.039155
37 4 2.559324 0.078547 -0.039021
37 5 3.194719 0.098107 -0.038785
37 6 3.825274 0.117555 -0.038402
37 7 4.448178 0.136812 -0.037819
37 8 5.059687 0.155765 -0.036975
37 9 5.655056 0.174269 -0.035810
37 10 6.228541 0.192143 -0.034266
37 11 6.773489 0.209176 -0.032291
37 12 7.282520 0.225127 -0.029851
37 13 7.747822 0.239742 -0.026930
37 14 8.161519 0.252759 -0.023537
37 15 8.516081 0.263931 -0.019706
37 16 8.804730 0.273034 -0.015493
37 17 9.021781 0.279881 -0.010974
37 18 9.162911 0.284332 -0.006236
37 19 9.225329 0.286297 -0.001378
37 20 9.207884 0.285738 0.003499
37 21 9.111109 0.282672 0.008292
37 22 8.937225 0.277169 0.012899
37 23 8.690079 0.269353 0.017225
37 24 8.375008 0.259401 0.021185
37 25 7.998585 0.247528 0.024716
37 26 7.568283 0.233982 0.027774
37 27 7.092052 0.219027 0.030343
37 28 6.577892 0.202926 0.032432
37 29 6.033453 0.185926 0.034074
37 30 5.465723 0.168253 0.035314
37 31 4.880804 0.150098 0.036211
37 32 4.283801 0.131620 0.036826
37 33 3.678795 0.112941 0.037221
37 34 3.068889 0.094152 0.037454
37 35 2.456300 0.075316 0.037573
37 36 1.842488 0.056470 0.037622
37 37 1.228298 0.037634 0.037634
37 38 0.614110 0.018812 0.037632
37 39 0.000000 0.000000 0.018815
38 0 0.000000 0.000000 0.000000
38 1 0.320302 0.019632 -0.019621
38 2 0.640421 0.039255 -0.019601
38 3 0.960089 0.058856 -0.019560
38 4 1.278862 0.078410 -0.019484
38 5 1.596044 0.097877 -0.019355
38 6 1.910605 0.117195 -0.019150
38 7 2.221113 0.136279 -0.018844
38 8 2.525682 0.155014 -0.018408
38 9 2.821942 0.173255 -0.017811
38 10 3.107044 0.190825 -0.017027
38 11 3.377708 0.207520 -0.016031
38 12 3.630314 0.223115 -0.014808
38 13 3.861045 0.237371 -0.013350
38 14 4.066059 0.250046 -0.011662
38 15 4.241687 0.260908 -0.009760
38 16 4.384623 0.269752 -0.007672
38 17 4.492090 0.276401 -0.005433
38 18 4.561971 0.280725 -0.003088
38 19 4.592898 0.282638 -0.000684
38 20 4.584309 0.282103 0.001729
38 21 4.536468 0.279138 0.004100
38 22 4.450469 0.273811 0.006381
38 23 4.328200 0.266239 0.008523
38 24 4.172267 0.256586 0.010488
38 25 3.985874 0.245054 0.012243
38 26 3.772660 0.231870 0.013768
38 27 3.536497 0.217280 0.015054
38 28 3.281292 0.201528 0.016106
38 29 3.010793 0.184848 0.016938
38 30 2.728439 0.167454 0.017572
38 31 2.437252 0.149534 0.018035
38 32 2.139776 0.131243 0.018358
38 33 1.838060 0.112708 0.018569
38 34 1.533677 0.094022 0.018698
38 35 1.227766 0.075254 0.018768
38 36 0.921090 0.056449 0.018801
38 37 0.614110 0.037632 0.018812
38 38 0.307055 0.018815 0.018815
38 39 0.000000 0.000000 0.009407
39 0 0.000000 0.000000 0.000000
39 1 0.000000 0.000000 0.000000
39 2 0.000000 0.000000 0.000000
39 3 0.000000 0.000000 0.000000
39 4 0.000000 0.000000 0.000000
39 5 0.000000 0.000000 0.000000
39 6 0.000000 0.000000 0.000000
39 7 0.000000 0.000000 0.000000
39 8 0.000000 0.000000 0.000000
39 9 0.000000 0.000000 0.000000
39 10 0.000000 0.000000 0.000000
39 11 0.000000 0.000000 0.000000
39 12 0.000000 0.000000 0.000000
39 13 0.000000 0.000000 0.000000
39 14 0.000000 0.000000 0.000000
39 15 0.000000 0.000000 0.000000
39 16 0.000000 0.000000 0.000000
39 17 0.000000 0.000000 0.000000
39 18 0.000000 0.000000 0.000000
39 19 0.000000 0.000000 0.000000
39 20 0.000000 0.000000 0.000000
39 21 0.000000 0.000000 0.000000
39 22 0.000000 0.000000 0.000000
39 23 0.000000 0.000000 0.000000
39 24 0.000000 0.000000 0.000000
39 25 0.000000 0.000000 0.000000
39 26 0.000000 0.000000 0.000000
39 27 0.000000 0.000000 0.000000
39 28 0.000000 0.000000 0.000000
39 29 0.000000 0.000000 0.000000
39 30 0.000000 0.000000 0.000000
39 31 0.000000 0.000000 0.000000
39 32 0.000000 0.000000 0.000000
39 33 0.000000 0.000000 0.000000
39 34 0.000000 0.000000 0.000000
39 35 0.000000 0.000000 0.000000
39 36 0.000000 0.000000 0.000000
39 37 0.000000 0.000000 0.000000
39 38 0.000000 0.000000 0.000000
39 39 0.000000 0.000000 0.000000
