0 0 0.000000 0.000000 0.000000
0 1 0.000000 0.000000 0.000000
0 2 0.000000 0.000000 0.000000
0 3 0.000000 0.000000 0.000000
0 4 0.000000 0.000000 0.000000
0 5 0.000000 0.000000 0.000000
0 6 0.000000 0.000000 0.000000
0 7 0.000000 0.000000 0.000000
0 8 0.000000 0.000000 0.000000
0 9 0.000000 0.000000 0.000000
0 10 0.000000 0.000000 0.000000
0 11 0.000000 0.000000 0.000000
0 12 0.000000 0.000000 0.000000
0 13 0.000000 0.000000 0.000000
0 14 0.000000 0.000000 0.000000
0 15 0.000000 0.000000 0.000000
0 16 0.000000 0.000000 0.000000
0 17 0.000000 0.000000 0.000000
0 18 0.000000 0.000000 0.000000
0 19 0.000000 0.000000 0.000000
0 20 0.000000 0.000000 0.000000
0 21 0.000000 0.000000 0.000000
0 22 0.000000 0.000000 0.000000
0 23 0.000000 0.000000 0.000000
0 24 0.000000 0.000000 0.000000
0 25 0.000000 0.000000 0.000000
0 26 0.000000 0.000000 0.000000
0 27 0.000000 0.000000 0.000000
0 28 0.000000 0.000000 0.000000
0 29 0.000000 0.000000 0.000000
0 30 0.000000 0.000000 0.000000
0 31 0.000000 0.000000 0.000000
0 32 0.000000 0.000000 0.000000
0 33 0.000000 0.000000 0.000000
0 34 0.000000 0.000000 0.000000
0 35 0.000000 0.000000 0.000000
0 36 0.000000 0.000000 0.000000
0 37 0.000000 0.000000 0.000000
0 38 0.000000 0.000000 0.000000
0 39 0.000000 0.000000 0.000000
1 0 0.000000 0.000000 0.000000
1 1 -0.591708 0.022263 0.021859
1 2 -1.172558 0.044144 0.021230
1 3 -1.730517 0.065212 0.020110
1 4 -2.251309 0.084952 0.018402
1 5 -2.717631 0.102720 0.015988
1 6 -3.108960 0.117738 0.012765
1 7 -3.402361 0.129107 0.008683
1 8 -3.574737 0.135895 0.003809
1 9 -3.606671 0.137289 -0.001631
1 10 -3.487252 0.132806 -0.007244
1 11 -3.218093 0.122490 -0.012547
1 12 -2.814212 0.106961 -0.017099
1 13 -2.300870 0.087254 -0.020612
1 14 -1.708506 0.064589 -0.022980
1 15 -1.068185 0.040179 -0.024232
1 16 -0.408630 0.015123 -0.024484
1 17 0.245193 -0.009643 -0.023882
1 18 0.872463 -0.033344 -0.022579
1 19 1.456363 -0.055359 -0.020717
1 20 1.983754 -0.075205 -0.018427
1 21 2.444817 -0.092523 -0.015826
1 22 2.832719 -0.107063 -0.013021
1 23 3.143277 -0.118677 -0.010102
1 24 3.374629 -0.127300 -0.007152
1 25 3.526916 -0.132943 -0.004238
1 26 3.601979 -0.135680 -0.001420
1 27 3.603101 -0.135638 0.001253
1 28 3.534780 -0.132988 0.003739
1 29 3.402509 -0.127939 0.006007
1 30 3.212552 -0.120730 0.008031
1 31 2.971687 -0.111619 0.009799
1 32 2.686925 -0.100871 0.011305
1 33 2.365239 -0.088752 0.012557
1 34 2.013320 -0.075515 0.013568
1 35 1.637406 -0.061392 0.014357
1 36 1.243192 -0.046598 0.014943
1 37 0.835829 -0.031322 0.015346
1 38 0.419991 -0.015737 0.015581
1 39 0.000000 0.000000 0.007829
2 0 0.000000 0.000000 0.000000
2 1 -1.194256 0.022848 0.044144
2 2 -2.367974 0.045380 0.042949
2 3 -3.498157 0.067232 0.040808
2 4 -4.557028 0.087935 0.037508
2 5 -5.510179 0.106866 0.032786
2 6 -6.315755 0.123207 0.026387
2 7 -6.925638 0.135939 0.018158
2 8 -7.289784 0.143902 0.008182
2 9 -7.364545 0.145980 -0.003089
2 10 -7.124071 0.141422 -0.014799
2 11 -6.570709 0.130206 -0.025845
2 12 -5.737664 0.113168 -0.035237
2 13 -4.680516 0.091673 -0.042372
2 14 -3.464701 0.067214 -0.047075
2 15 -2.155311 0.041170 -0.049466
2 16 -0.811217 0.014710 -0.049822
2 17 0.517266 -0.011218 -0.048466
2 18 1.788636 -0.035854 -0.045716
2 19 2.969587 -0.058598 -0.041861
2 20 4.034194 -0.078988 -0.037164
2 21 4.963162 -0.096682 -0.031858
2 22 5.743150 -0.111450 -0.026154
2 23 6.366125 -0.123161 -0.020236
2 24 6.828686 -0.131771 -0.014266
2 25 7.131411 -0.137306 -0.008381
2 26 7.278244 -0.139855 -0.002695
2 27 7.275981 -0.139557 0.002692
2 28 7.133829 -0.136594 0.007699
2 29 6.863006 -0.131190 0.012258
2 30 6.476292 -0.123595 0.016321
2 31 5.987524 -0.114085 0.019859
2 32 5.411003 -0.102942 0.022866
2 33 4.760910 -0.090444 0.025357
2 34 4.050802 -0.076855 0.027360
2 35 3.293243 -0.062412 0.028917
2 36 2.499630 -0.047329 0.030070
2 37 1.680195 -0.031792 0.030861
2 38 0.844157 -0.015967 0.031322
2 39 0.000000 0.000000 0.015737
3 0 0.000000 0.000000 0.000000
3 1 -1.817311 0.023746 0.067239
3 2 -3.606873 0.047297 0.065614
3 3 -5.337033 0.070401 0.062665
3 4 -6.968370 0.092689 0.058035
3 5 -8.450178 0.113599 0.051260
3 6 -9.718097 0.132283 0.041838
3 7 -10.694474 0.147537 0.029378
3 8 -11.294007 0.157791 0.013850
3 9 -11.437411 0.161303 -0.004111
3 10 -11.073497 0.156692 -0.023018
3 11 -10.202688 0.143739 -0.040800
3 12 -8.884858 0.123829 -0.055632
3 13 -7.218433 0.099050 -0.066567
3 14 -5.314034 0.071418 -0.073482
3 15 -3.276671 0.042573 -0.076736
3 16 -1.197693 0.013757 -0.076873
3 17 0.846978 -0.014093 -0.074446
3 18 2.795776 -0.040264 -0.069958
3 19 4.599720 -0.064200 -0.063850
3 20 6.220852 -0.085473 -0.056510
3 21 7.631070 -0.103774 -0.048289
3 22 8.811184 -0.118901 -0.039500
3 23 9.749973 -0.130756 -0.030423
3 24 10.443161 -0.139324 -0.021296
3 25 10.892368 -0.144663 -0.012322
3 26 11.104161 -0.146884 -0.003671
3 27 11.089283 -0.146146 0.004513
3 28 10.862061 -0.142650 0.012106
3 29 10.439872 -0.136636 0.019006
3 30 9.842534 -0.128382 0.025136
3 31 9.091522 -0.118190 0.030452
3 32 8.209015 -0.106373 0.034946
3 33 7.216913 -0.093233 0.038645
3 34 6.135998 -0.079051 0.041601
3 35 4.985341 -0.064074 0.043882
3 36 3.782042 -0.048516 0.045562
3 37 2.541256 -0.032553 0.046708
3 38 1.276478 -0.016337 0.047374
3 39 0.000000 0.000000 0.023796
4 0 0.000000 0.000000 0.000000
4 1 -2.468075 0.024841 0.091440
4 2 -4.905104 0.049660 0.089603
4 3 -7.274636 0.074384 0.086200
4 4 -9.529113 0.098821 0.080706
4 5 -11.603908 0.122555 0.072380
4 6 -13.411785 0.144790 0.060325
4 7 -14.839923 0.164135 0.043665
4 8 -15.754088 0.178418 0.021948
4 9 -16.017274 0.184748 -0.004188
4 10 -15.529452 0.180301 -0.032362
4 11 -14.281266 0.164227 -0.058709
4 12 -12.380174 0.139355 -0.079927
4 13 -9.993793 0.109274 -0.094783
4 14 -7.295752 0.076831 -0.103552
4 15 -4.439021 0.043940 -0.107127
4 16 -1.549194 0.011834 -0.106488
4 17 1.273264 -0.018654 -0.102487
4 18 3.948501 -0.046915 -0.095822
4 19 6.413419 -0.072469 -0.087071
4 20 8.619192 -0.094938 -0.076738
4 21 10.529861 -0.114046 -0.065286
4 22 12.121324 -0.129632 -0.053136
4 23 13.380201 -0.141643 -0.040659
4 24 14.302386 -0.150113 -0.028173
4 25 14.891495 -0.155143 -0.015941
4 26 15.157483 -0.156878 -0.004178
4 27 15.115640 -0.155500 0.006926
4 28 14.785937 -0.151228 0.017209
4 29 14.192525 -0.144328 0.026525
4 30 13.363044 -0.135112 0.034767
4 31 12.327558 -0.123926 0.041869
4 32 11.117103 -0.111129 0.047824
4 33 9.762149 -0.097066 0.052679
4 34 8.291284 -0.082044 0.056518
4 35 6.730359 -0.066322 0.059452
4 36 5.102142 -0.050108 0.061591
4 37 3.426433 -0.033568 0.063039
4 38 1.720542 -0.016830 0.063875
4 39 0.000000 0.000000 0.032074
5 0 0.000000 0.000000 0.000000
5 1 -3.149837 0.025957 0.116899
5 2 -6.270750 0.052117 0.115157
5 3 -9.327178 0.078653 0.111826
5 4 -12.269389 0.105655 0.106206
5 5 -15.024370 0.133012 0.097229
5 6 -17.484985 0.160184 0.083417
5 7 -19.499077 0.185792 0.063007
5 8 -20.864828 0.206999 0.034463
5 9 -21.347773 0.218967 -0.002228
5 10 -20.745335 0.215537 -0.043539
5 11 -19.012252 0.193510 -0.081747
5 12 -16.360211 0.160086 -0.110585
5 13 -13.080180 0.121857 -0.129090
5 14 -9.435463 0.082689 -0.138816
5 15 -5.633715 0.044517 -0.141733
5 16 -1.832521 0.008290 -0.139466
5 17 1.847618 -0.025446 -0.133195
5 18 5.312426 -0.056278 -0.123774
5 19 8.487167 -0.083830 -0.111873
5 20 11.313561 -0.107768 -0.098087
5 21 13.748791 -0.127845 -0.082983
5 22 15.764989 -0.143944 -0.067097
5 23 17.348055 -0.156075 -0.050904
5 24 18.495613 -0.164347 -0.034797
5 25 19.214652 -0.168924 -0.019088
5 26 19.519522 -0.169991 -0.004028
5 27 19.430707 -0.167752 0.010163
5 28 18.974339 -0.162439 0.023278
5 29 18.182014 -0.154341 0.035123
5 30 17.090274 -0.143815 0.045538
5 31 15.739213 -0.131275 0.054434
5 32 14.170274 -0.117156 0.061806
5 33 12.423801 -0.101862 0.067730
5 34 10.537054 -0.085740 0.072345
5 35 8.543005 -0.069062 0.075818
5 36 6.469974 -0.052028 0.078316
5 37 4.341937 -0.034781 0.079986
5 38 2.179309 -0.017417 0.080942
5 39 0.000000 0.000000 0.040626
6 0 0.000000 0.000000 0.000000
6 1 -3.860468 0.026870 0.143557
6 2 -7.700791 0.054197 0.142300
6 3 -11.493813 0.082458 0.139739
6 4 -15.196733 0.112134 0.135064
6 5 -18.738996 0.143652 0.126909
6 6 -22.004463 0.177142 0.113106
6 7 -24.806283 0.211850 0.090480
6 8 -26.858031 0.244817 0.055123
6 9 -27.763251 0.268586 0.004350
6 10 -27.091390 0.269366 -0.057820
6 11 -24.661643 0.234189 -0.114159
6 12 -20.967604 0.185620 -0.151579
6 13 -16.530541 0.135378 -0.172180
6 14 -11.731420 0.087549 -0.180892
6 15 -6.827002 0.043144 -0.181526
6 16 -1.993886 0.002252 -0.176450
6 17 2.638259 -0.035146 -0.167056
6 18 6.967409 -0.068925 -0.154206
6 19 10.910284 -0.098809 -0.138560
6 20 14.400135 -0.124462 -0.120753
6 21 17.387803 -0.145626 -0.101462
6 22 19.842841 -0.162226 -0.081366
6 23 21.752467 -0.174370 -0.061063
6 24 23.118397 -0.182281 -0.041022
6 25 23.952995 -0.186216 -0.021584
6 26 24.276238 -0.186413 -0.003007
6 27 24.114288 -0.183080 0.014478
6 28 23.499612 -0.176440 0.030619
6 29 22.471785 -0.166785 0.045150
6 30 21.077629 -0.154533 0.057833
6 31 19.369487 -0.140207 0.068527
6 32 17.401637 -0.124359 0.077237
6 33 15.226302 -0.107489 0.084094
6 34 12.890606 -0.089994 0.089319
6 35 10.435012 -0.072158 0.093163
6 36 7.893085 -0.054164 0.095872
6 37 5.292201 -0.036113 0.097651
6 38 2.654813 -0.018055 0.098657
6 39 0.000000 0.000000 0.049491
7 0 0.000000 0.000000 0.000000
7 1 -4.591191 0.027324 0.171096
7 2 -9.178040 0.055346 0.170745
7 3 -13.750422 0.084845 0.169763
7 4 -18.284569 0.116773 0.167400
7 5 -22.730214 0.152318 0.162236
7 6 -26.987345 0.192883 0.151616
7 7 -30.863272 0.239651 0.130681
7 8 -33.997422 0.291832 0.091199
7 9 -35.755403 0.341193 0.022322
7 10 -35.194850 0.359155 -0.077935
7 11 -31.574753 0.288259 -0.165493
7 12 -26.317356 0.212827 -0.209396
7 13 -20.342203 0.146484 -0.227161
7 14 -14.131833 0.088984 -0.231050
7 15 -7.948074 0.038257 -0.227031
7 16 -1.953305 -0.007284 -0.217756
7 17 3.732922 -0.048465 -0.204372
7 18 9.009731 -0.085469 -0.187437
7 19 13.787519 -0.118020 -0.167409
7 20 17.990003 -0.145645 -0.144904
7 21 21.560566 -0.167974 -0.120748
7 22 24.467227 -0.184967 -0.095840
7 23 26.701694 -0.196898 -0.070958
7 24 28.273619 -0.204191 -0.046644
7 25 29.203779 -0.207250 -0.023220
7 26 29.519205 -0.206366 -0.000892
7 27 29.251618 -0.201719 0.020137
7 28 28.439016 -0.193455 0.039573
7 29 27.128816 -0.181829 0.057029
7 30 25.379838 -0.167328 0.072117
7 31 23.260263 -0.150661 0.084609
7 32 20.841200 -0.132585 0.094523
7 33 18.189785 -0.113742 0.102095
7 34 15.364578 -0.094591 0.107676
7 35 12.413765 -0.075415 0.111649
7 36 9.375450 -0.056355 0.114361
7 37 6.279148 -0.037454 0.116095
7 38 3.147805 -0.018689 0.117055
7 39 0.000000 0.000000 0.058681
8 0 0.000000 0.000000 0.000000
8 1 -5.326199 0.027081 0.198903
8 2 -10.669668 0.055015 0.199821
8 3 -16.045139 0.084805 0.201166
8 4 -21.460748 0.117795 0.202537
8 5 -26.909753 0.155967 0.203019
8 6 -32.351202 0.202421 0.200438
8 7 -37.661768 0.262039 0.189429
8 8 -42.512666 0.341670 0.156666
8 9 -46.065717 0.445200 0.071673
8 10 -46.357401 0.537804 -0.110754
8 11 -40.124599 0.346866 -0.260487
8 12 -32.384191 0.230945 -0.293354
8 13 -24.388308 0.148746 -0.296023
8 14 -16.504767 0.083647 -0.289119
8 15 -8.879213 0.028183 -0.277794
8 16 -1.603175 -0.021178 -0.263173
8 17 5.238062 -0.065964 -0.245241
8 18 11.552170 -0.106465 -0.223761
8 19 17.241181 -0.142157 -0.198737
8 20 22.212932 -0.172126 -0.170708
8 21 26.398377 -0.195658 -0.140784
8 22 29.764955 -0.212769 -0.110290
8 23 32.314602 -0.224065 -0.080286
8 24 34.071731 -0.230335 -0.051373
8 25 35.070406 -0.232225 -0.023760
8 26 35.346263 -0.230084 0.002524
8 27 34.935012 -0.223974 0.027389
8 28 33.877025 -0.213831 0.050509
8 29 32.225579 -0.199749 0.071277
8 30 30.053541 -0.182289 0.089001
8 31 27.451352 -0.162526 0.103270
8 32 24.513859 -0.141580 0.114156
8 33 21.327709 -0.120303 0.122089
8 34 17.964701 -0.099213 0.127646
8 35 14.480452 -0.078555 0.131399
8 36 10.916117 -0.058389 0.133833
8 37 7.301323 -0.038659 0.135318
8 38 3.657324 -0.019246 0.136111
8 39 0.000000 0.000000 0.068179
9 0 0.000000 0.000000 0.000000
9 1 -6.043884 0.025985 0.226112
9 2 -12.129211 0.052830 0.228470
9 3 -18.299602 0.081566 0.232542
9 4 -24.603385 0.113634 0.238562
9 5 -31.096675 0.151333 0.246863
9 6 -37.845737 0.198797 0.257688
9 7 -44.919705 0.264414 0.269930
9 8 -52.325498 0.367612 0.274360
9 9 -59.637095 0.560137 0.218456
9 10 -64.044060 1.000000 -0.176270
9 11 -50.181528 0.330456 -0.472352
9 12 -38.705849 0.215343 -0.407516
9 13 -28.321304 0.133908 -0.374460
9 14 -18.618852 0.068674 -0.351613
9 15 -9.459895 0.012008 -0.331856
9 16 -0.817237 -0.039649 -0.311903
9 17 7.271385 -0.087745 -0.289658
9 18 14.720791 -0.132269 -0.263631
9 19 21.413211 -0.172017 -0.233070
9 20 27.223286 -0.205041 -0.198405
9 21 32.056177 -0.229761 -0.161391
9 22 35.880736 -0.246386 -0.124248
9 23 38.721139 -0.256256 -0.088524
9 24 40.629395 -0.260858 -0.054803
9 25 41.660930 -0.261230 -0.022969
9 26 41.861489 -0.257768 0.007359
9 27 41.266167 -0.250261 0.036389
9 28 39.909484 -0.238146 0.063798
9 29 37.843878 -0.221046 0.088571
9 30 35.158287 -0.199552 0.109340
9 31 31.978571 -0.175573 0.125318
9 32 28.435920 -0.150906 0.136746
9 33 24.643149 -0.126677 0.144462
9 34 20.686617 -0.103403 0.149424
9 35 16.627664 -0.081204 0.152473
9 36 12.507563 -0.059985 0.154257
9 37 8.352895 -0.039546 0.155237
9 38 4.180234 -0.019638 0.155714
9 39 0.000000 0.000000 0.077927
10 0 0.000000 0.000000 0.000000
10 1 -6.720080 0.024028 0.251733
10 2 -13.503613 0.048754 0.255403
10 3 -20.420569 0.074996 0.261970
10 4 -27.556386 0.103843 0.272304
10 5 -35.027675 0.136937 0.288182
10 6 -43.015202 0.177021 0.313519
10 7 -51.845641 0.229211 0.358244
10 8 -62.232344 0.304231 0.452388
10 9 -76.112921 0.427741 0.704061
10 10 -100.000000 0.000000 0.000000
10 11 -57.851128 0.234947 -1.045144
10 12 -43.935758 0.166065 -0.489903
10 13 -31.571469 0.102870 -0.442692
10 14 -20.188608 0.045134 -0.411019
10 15 -9.523363 -0.009174 -0.386117
10 16 0.523707 -0.061679 -0.362926
10 17 9.944938 -0.113096 -0.337861
10 18 18.647435 -0.162847 -0.308033
10 19 26.468637 -0.208599 -0.271509
10 20 33.211880 -0.246258 -0.228451
10 21 38.723362 -0.271956 -0.182128
10 22 42.981720 -0.286752 -0.136785
10 23 46.060861 -0.293714 -0.094758
10 24 48.064807 -0.295605 -0.056347
10 25 49.083440 -0.294065 -0.020670
10 26 49.173583 -0.289493 0.013493
10 27 48.359650 -0.281152 0.047011
10 28 46.651803 -0.267444 0.079724
10 29 44.083064 -0.246735 0.109871
10 30 40.758012 -0.219297 0.134474
10 31 36.869524 -0.189306 0.151916
10 32 32.608832 -0.159792 0.163052
10 33 28.122993 -0.132096 0.169592
10 34 23.511501 -0.106517 0.173119
10 35 18.836459 -0.082873 0.174816
10 36 14.133893 -0.060803 0.175491
10 37 9.422654 -0.039900 0.175665
10 38 4.710778 -0.019761 0.175656
10 39 0.000000 0.000000 0.087818
11 0 0.000000 0.000000 0.000000
11 1 -7.332783 0.021371 0.274866
11 2 -14.744524 0.043164 0.279438
11 3 -22.322587 0.065821 0.287631
11 4 -30.173807 0.089807 0.300502
11 5 -38.442314 0.115550 0.320041
11 6 -47.341624 0.143142 0.349962
11 7 -57.215189 0.171180 0.397139
11 8 -68.645215 0.192360 0.472890
11 9 -82.582217 0.176311 0.584513
11 10 -100.000000 0.000000 0.000000
11 11 -62.784721 0.146431 -0.976574
11 12 -47.614013 0.111102 -0.539594
11 13 -33.839516 0.066375 -0.495391
11 14 -21.039958 0.018168 -0.463656
11 15 -8.967798 -0.032155 -0.438669
11 16 2.491400 -0.084795 -0.415826
11 17 13.338166 -0.140111 -0.390826
11 18 23.456328 -0.197420 -0.359133
11 19 32.602979 -0.253268 -0.316481
11 20 40.433182 -0.299430 -0.261763
11 21 46.644613 -0.325049 -0.201886
11 22 51.262850 -0.334947 -0.146005
11 23 54.476697 -0.336235 -0.097378
11 24 56.486437 -0.333781 -0.055155
11 25 57.435335 -0.329927 -0.016856
11 26 57.390632 -0.324981 0.020272
11 27 56.347909 -0.317408 0.058438
11 28 54.255858 -0.303737 0.098215
11 29 51.079385 -0.279150 0.136718
11 30 46.921964 -0.241594 0.166770
11 31 42.133430 -0.202559 0.184823
11 32 37.007581 -0.166859 0.193956
11 33 31.729107 -0.135396 0.197737
11 34 26.400461 -0.107695 0.198646
11 35 21.073202 -0.082968 0.198187
11 36 15.769204 -0.060454 0.197231
11 37 10.493236 -0.039490 0.196279
11 38 5.240287 -0.019507 0.195614
11 39 0.000000 0.000000 0.097689
12 0 0.000000 0.000000 0.000000
12 1 -7.866491 0.018293 0.294897
12 2 -15.819057 0.036711 0.299853
12 3 -23.951372 0.055317 0.308613
12 4 -32.373851 0.074014 0.322033
12 5 -41.226053 0.092314 0.341517
12 6 -50.693695 0.108817 0.369149
12 7 -61.028189 0.120009 0.407463
12 8 -72.551047 0.117720 0.457519
12 9 -85.570712 0.085144 0.511701
12 10 -100.000000 0.000000 0.000000
12 11 -65.706064 0.084781 -0.934042
12 12 -49.895533 0.065537 -0.569959
12 13 -35.131984 0.033362 -0.535626
12 14 -21.163185 -0.006679 -0.509548
12 15 -7.798478 -0.052817 -0.489080
12 16 5.072354 -0.105233 -0.470882
12 17 17.460842 -0.165127 -0.450486
12 18 29.237574 -0.233451 -0.421190
12 19 40.054592 -0.307618 -0.373518
12 20 49.274061 -0.373138 -0.300233
12 21 56.159846 -0.393858 -0.217646
12 22 60.949144 -0.391745 -0.147971
12 23 64.097399 -0.382494 -0.093592
12 24 65.969660 -0.373348 -0.050038
12 25 66.781571 -0.366874 -0.011871
12 26 66.606434 -0.363093 0.026012
12 27 65.386221 -0.359754 0.068255
12 28 62.945052 -0.350942 0.117982
12 29 59.057369 -0.324527 0.172015
12 30 53.717733 -0.265366 0.211064
12 31 47.735330 -0.212475 0.226651
12 32 41.559594 -0.169688 0.230216
12 33 35.385969 -0.134931 0.228756
12 34 29.288530 -0.105897 0.225546
12 35 23.287087 -0.080850 0.222058
12 36 17.376778 -0.058553 0.218970
12 37 11.540977 -0.038097 0.216611
12 38 5.757191 -0.018777 0.215146
12 39 0.000000 0.000000 0.107325
13 0 0.000000 0.000000 0.000000
13 1 -8.314092 0.015092 0.311577
13 2 -16.713792 0.030069 0.316462
13 3 -25.289933 0.044723 0.324934
13 4 -34.144099 0.058618 0.337499
13 5 -43.394275 0.070876 0.354844
13 6 -53.178837 0.079804 0.377657
13 7 -63.652760 0.082318 0.406043
13 8 -74.960030 0.073368 0.438025
13 9 -87.149570 0.046545 0.466793
13 10 -100.000000 0.000000 0.000000
13 11 -67.332601 0.045953 -0.911037
13 12 -51.129595 0.032906 -0.591013
13 13 -35.629119 0.008216 -0.567607
13 14 -20.681659 -0.025428 -0.549834
13 15 -6.134575 -0.067196 -0.537223
13 16 8.136385 -0.118190 -0.528136
13 17 22.196003 -0.181708 -0.519044
13 18 35.979236 -0.263632 -0.501624
13 19 49.104419 -0.370610 -0.456168
13 20 60.449250 -0.491637 -0.348002
13 21 67.772160 -0.485491 -0.220493
13 22 72.277061 -0.455673 -0.134641
13 23 74.994662 -0.428640 -0.078981
13 24 76.513794 -0.410236 -0.039535
13 25 77.115408 -0.401121 -0.006600
13 26 76.867861 -0.400754 0.027392
13 27 75.646043 -0.407566 0.070588
13 28 73.081319 -0.415745 0.133442
13 29 68.487881 -0.402647 0.222294
13 30 61.156866 -0.282862 0.278822
13 31 53.531159 -0.212286 0.280501
13 32 46.110070 -0.164482 0.271500
13 33 38.967175 -0.128743 0.261527
13 34 32.081064 -0.100111 0.252727
13 35 25.410216 -0.075982 0.245531
13 36 18.910123 -0.054809 0.239984
13 37 12.536873 -0.035569 0.236054
13 38 6.247557 -0.017505 0.233711
13 39 0.000000 0.000000 0.116466
14 0 0.000000 0.000000 0.000000
14 1 -8.676062 0.012005 0.324966
14 2 -17.432045 0.023751 0.329484
14 3 -26.350417 0.034887 0.337162
14 4 -35.518277 0.044860 0.348187
14 5 -45.028051 0.052771 0.362702
14 6 -54.974563 0.057203 0.380591
14 7 -65.443935 0.056092 0.401027
14 8 -76.486712 0.046890 0.421747
14 9 -88.067529 0.027669 0.438332
14 10 -100.000000 0.000000 0.000000
14 11 -68.171095 0.022700 -0.901137
14 12 -51.660696 0.011920 -0.607696
14 13 -35.572715 -0.007973 -0.593959
14 14 -19.799167 -0.036050 -0.584960
14 15 -4.193923 -0.072345 -0.581843
14 16 11.412389 -0.118620 -0.585394
14 17 27.208155 -0.179880 -0.595928
14 18 43.379499 -0.268755 -0.610092
14 19 59.935078 -0.419545 -0.601523
14 20 75.646763 -0.737301 -0.415114
14 21 82.202859 -0.600788 -0.181682
14 22 85.392636 -0.516808 -0.091119
14 23 87.090743 -0.466147 -0.048155
14 24 87.975792 -0.437828 -0.022519
14 25 88.298747 -0.426612 -0.002388
14 26 88.103903 -0.431227 0.019567
14 27 87.249123 -0.454004 0.053264
14 28 85.246670 -0.501815 0.122901
14 29 80.656380 -0.587446 0.304898
14 30 68.891171 -0.251145 0.401425
14 31 59.122882 -0.189320 0.345030
14 32 50.382858 -0.147211 0.313758
14 33 42.292076 -0.115445 0.293127
14 34 34.658759 -0.089822 0.278308
14 35 27.362938 -0.068155 0.267360
14 36 20.316883 -0.049133 0.259382
14 37 13.448992 -0.031864 0.253915
14 38 6.696218 -0.015674 0.250715
14 39 0.000000 0.000000 0.124830
15 0 0.000000 0.000000 0.000000
15 1 -8.958089 0.009178 0.335328
15 2 -17.987877 0.018044 0.339344
15 3 -27.161372 0.026215 0.346042
15 4 -36.550495 0.033163 0.355383
15 5 -46.225040 0.038144 0.367187
15 6 -56.247381 0.040148 0.380978
15 7 -66.661671 0.037956 0.395729
15 8 -77.475330 0.030431 0.409603
15 9 -88.633828 0.017242 0.419903
15 10 -100.000000 0.000000 0.000000
15 11 -68.550284 0.009480 -0.899118
15 12 -51.768991 0.000047 -0.621686
15 13 -35.201410 -0.015977 -0.615577
15 14 -18.747847 -0.038451 -0.614206
15 15 -2.253793 -0.067512 -0.619793
15 16 14.499471 -0.104062 -0.635670
15 17 31.845214 -0.150431 -0.669178
15 18 50.395928 -0.211956 -0.741289
15 19 71.609906 -0.301507 -0.924714
15 20 100.000000 0.000000 0.000000
15 21 100.000000 0.000000 0.000000
15 22 100.000000 0.000000 0.000000
15 23 100.000000 0.000000 0.000000
15 24 100.000000 0.000000 0.000000
15 25 100.000000 0.000000 0.000000
15 26 100.000000 0.000000 0.000000
15 27 100.000000 0.000000 0.000000
15 28 100.000000 0.000000 0.000000
15 29 100.000000 0.000000 0.000000
15 30 74.628935 -0.175400 0.676948
15 31 63.686769 -0.146635 0.384435
15 32 54.006848 -0.119595 0.345375
15 33 45.159943 -0.096002 0.318916
15 34 36.899344 -0.075575 0.300018
15 35 29.066218 -0.057682 0.286221
15 36 21.545720 -0.041702 0.276274
15 37 14.246143 -0.027080 0.269512
15 38 7.088370 -0.013328 0.265575
15 39 0.000000 0.000000 0.132141
16 0 0.000000 0.000000 0.000000
16 1 -9.168398 0.006663 0.343011
16 2 -18.399976 0.013032 0.346521
16 3 -27.756662 0.018766 0.352281
16 4 -37.297250 0.023435 0.360115
16 5 -47.074193 0.026494 0.369687
16 6 -57.128216 0.027289 0.380403
16 7 -67.480007 0.025155 0.391310
16 8 -78.119089 0.019634 0.401033
16 9 -88.992448 0.010869 0.407902
16 10 -100.000000 0.000000 0.000000
16 11 -68.679610 0.002630 -0.901089
16 12 -51.663225 -0.005232 -0.633153
16 13 -34.715662 -0.017530 -0.632458
16 14 -17.736552 -0.034263 -0.636495
16 15 -0.572397 -0.055188 -0.647453
16 16 16.994528 -0.079681 -0.668314
16 17 35.277688 -0.105825 -0.703822
16 18 54.749365 -0.127127 -0.761168
16 19 76.108702 -0.120533 -0.843558
16 20 100.000000 0.000000 0.000000
16 21 100.000000 0.000000 0.000000
16 22 100.000000 0.000000 0.000000
16 23 100.000000 0.000000 0.000000
16 24 100.000000 0.000000 0.000000
16 25 100.000000 0.000000 0.000000
16 26 100.000000 0.000000 0.000000
16 27 100.000000 0.000000 0.000000
16 28 100.000000 0.000000 0.000000
16 29 100.000000 0.000000 0.000000
16 30 78.300089 -0.109081 0.615392
16 31 66.988780 -0.102225 0.400836
16 32 56.798218 -0.088528 0.364391
16 33 47.441890 -0.073393 0.337146
16 34 38.712812 -0.058793 0.316627
16 35 30.457168 -0.045297 0.301234
16 36 22.553860 -0.032911 0.289985
16 37 14.901628 -0.021426 0.282289
16 38 7.411165 -0.010558 0.277795
16 39 0.000000 0.000000 0.138158
17 0 0.000000 0.000000 0.000000
17 1 -9.315511 0.004442 0.348360
17 2 -18.686943 0.008655 0.351447
17 3 -28.168021 0.012381 0.356446
17 4 -37.807618 0.015318 0.363111
17 5 -47.646231 0.017107 0.371042
17 6 -57.711250 0.017361 0.379639
17 7 -68.011029 0.015739 0.388074
17 8 -78.528555 0.012082 0.395317
17 9 -89.216870 0.006600 0.400269
17 10 -100.000000 0.000000 0.000000
17 11 -68.691364 -0.000237 -0.904350
17 12 -51.488314 -0.006076 -0.641846
17 13 -34.261075 -0.014645 -0.644608
17 14 -16.909882 -0.025882 -0.651865
17 15 0.706652 -0.039296 -0.665211
17 16 18.773741 -0.053645 -0.686307
17 17 37.521964 -0.066061 -0.716625
17 18 57.215357 -0.070193 -0.755997
17 19 78.075606 -0.053497 -0.797587
17 20 100.000000 0.000000 0.000000
17 21 100.000000 0.000000 0.000000
17 22 100.000000 0.000000 0.000000
17 23 100.000000 0.000000 0.000000
17 24 100.000000 0.000000 0.000000
17 25 100.000000 0.000000 0.000000
17 26 100.000000 0.000000 0.000000
17 27 100.000000 0.000000 0.000000
17 28 100.000000 0.000000 0.000000
17 29 100.000000 0.000000 0.000000
17 30 80.480327 -0.062998 0.574723
17 31 69.170364 -0.064653 0.404988
17 32 58.755707 -0.058898 0.374207
17 33 49.096942 -0.050248 0.348651
17 34 40.053174 -0.040907 0.328114
17 35 31.496065 -0.031801 0.312103
17 36 23.311136 -0.023218 0.300146
17 37 15.395476 -0.015155 0.291866
17 38 7.654707 -0.007477 0.287001
17 39 0.000000 0.000000 0.142698
18 0 0.000000 0.000000 0.000000
18 1 -9.406689 0.002451 0.351665
18 2 -18.864243 0.004764 0.354460
18 3 -28.420832 0.006787 0.358944
18 4 -38.118939 0.008348 0.364841
18 5 -47.991835 0.009254 0.371730
18 6 -58.059498 0.009309 0.379036
18 7 -68.324284 0.008358 0.386031
18 8 -78.767217 0.006357 0.391894
18 9 -89.346472 0.003447 0.395819
18 10 -100.000000 0.000000 0.000000
18 11 -68.666900 -0.000719 -0.907165
18 12 -51.337289 -0.004190 -0.647560
18 13 -33.930083 -0.009090 -0.652264
18 14 -16.348160 -0.015324 -0.661147
18 15 1.535534 -0.022467 -0.675216
18 16 19.872172 -0.029541 -0.695079
18 17 38.821355 -0.034579 -0.720370
18 18 58.514678 -0.034085 -0.748604
18 19 78.978424 -0.023263 -0.773365
18 20 100.000000 0.000000 0.000000
18 21 100.000000 0.000000 0.000000
18 22 100.000000 0.000000 0.000000
18 23 100.000000 0.000000 0.000000
18 24 100.000000 0.000000 0.000000
18 25 100.000000 0.000000 0.000000
18 26 100.000000 0.000000 0.000000
18 27 100.000000 0.000000 0.000000
18 28 100.000000 0.000000 0.000000
18 29 100.000000 0.000000 0.000000
18 30 81.679477 -0.032222 0.550739
18 31 70.456931 -0.034491 0.404936
18 32 59.957634 -0.032161 0.378796
18 33 50.137333 -0.027794 0.355136
18 34 40.907192 -0.022787 0.335075
18 35 32.163048 -0.017780 0.318923
18 36 23.799348 -0.013007 0.306631
18 37 15.714560 -0.008498 0.298030
18 38 7.812229 -0.004194 0.292949
18 39 0.000000 0.000000 0.145635
19 0 0.000000 0.000000 0.000000
19 1 -9.446991 0.000598 0.353124
19 2 -18.942487 0.001162 0.355783
19 3 -28.532102 0.001655 0.360030
19 4 -38.255444 0.002034 0.365578
19 5 -48.142642 0.002252 0.372002
19 6 -58.210598 0.002262 0.378742
19 7 -68.459372 0.002027 0.385122
19 8 -78.869543 0.001539 0.390407
19 9 -89.401798 0.000833 0.393912
19 10 -100.000000 0.000000 0.000000
19 11 -68.652769 0.000062 -0.908540
19 12 -51.263568 -0.000873 -0.650217
19 13 -33.773459 -0.002201 -0.655742
19 14 -16.087836 -0.003858 -0.665242
19 15 1.911845 -0.005707 -0.679427
19 16 20.358392 -0.007472 -0.698419
19 17 39.376871 -0.008629 -0.721169
19 18 59.043746 -0.008304 -0.744681
19 19 79.323470 -0.005469 -0.763502
19 20 100.000000 0.000000 0.000000
19 21 100.000000 0.000000 0.000000
19 22 100.000000 0.000000 0.000000
19 23 100.000000 0.000000 0.000000
19 24 100.000000 0.000000 0.000000
19 25 100.000000 0.000000 0.000000
19 26 100.000000 0.000000 0.000000
19 27 100.000000 0.000000 0.000000
19 28 100.000000 0.000000 0.000000
19 29 100.000000 0.000000 0.000000
19 30 82.208778 -0.009771 0.540232
19 31 71.020526 -0.008927 0.405049
19 32 60.480880 -0.007460 0.380903
19 33 50.587887 -0.005981 0.358024
19 34 41.275519 -0.004665 0.338128
19 35 32.449849 -0.003527 0.321884
19 36 24.008851 -0.002531 0.309428
19 37 15.851310 -0.001635 0.300678
19 38 7.879692 -0.000802 0.295499
19 39 0.000000 0.000000 0.146892
20 0 0.000000 0.000000 0.000000
20 1 -9.438776 -0.001221 0.352828
20 2 -18.926590 -0.002368 0.355517
20 3 -28.509619 -0.003363 0.359816
20 4 -38.228065 -0.004119 0.365438
20 5 -48.112663 -0.004541 0.371958
20 6 -58.180856 -0.004539 0.378810
20 7 -68.433043 -0.004049 0.385308
20 8 -78.849772 -0.003062 0.390699
20 9 -89.391173 -0.001653 0.394280
20 10 -100.000000 0.000000 0.000000
20 11 -68.670242 0.001246 -0.908038
20 12 -51.290463 0.002837 -0.649824
20 13 -33.812001 0.005016 -0.655249
20 14 -16.141195 0.007799 -0.664652
20 15 1.841662 0.010970 -0.678830
20 16 20.273016 0.013987 -0.698001
20 17 39.284257 0.015838 -0.721201
20 18 58.960136 0.014966 -0.745443
20 19 79.271771 0.009692 -0.765061
20 20 100.000000 0.000000 0.000000
20 21 100.000000 0.000000 0.000000
20 22 100.000000 0.000000 0.000000
20 23 100.000000 0.000000 0.000000
20 24 100.000000 0.000000 0.000000
20 25 100.000000 0.000000 0.000000
20 26 100.000000 0.000000 0.000000
20 27 100.000000 0.000000 0.000000
20 28 100.000000 0.000000 0.000000
20 29 100.000000 0.000000 0.000000
20 30 82.203639 0.010584 0.541812
20 31 70.935791 0.016014 0.407248
20 32 60.357791 0.017229 0.381742
20 33 50.458144 0.015997 0.357931
20 34 41.157457 0.013632 0.337528
20 35 32.352244 0.010868 0.321057
20 36 23.935099 0.008046 0.308523
20 37 15.802265 0.005291 0.299759
20 38 7.855273 0.002619 0.294584
20 39 0.000000 0.000000 0.146437
21 0 0.000000 0.000000 0.000000
21 1 -9.381508 -0.003113 0.350756
21 2 -18.815458 -0.006051 0.353640
21 3 -28.351692 -0.008621 0.358280
21 4 -38.034505 -0.010605 0.364400
21 5 -47.899059 -0.011758 0.371581
21 6 -57.967091 -0.011830 0.379234
21 7 -68.242149 -0.010624 0.386600
21 8 -78.705314 -0.008083 0.392803
21 9 -89.313119 -0.004384 0.396973
21 10 -100.000000 0.000000 0.000000
21 11 -68.719607 0.002037 -0.905703
21 12 -51.415740 0.005958 -0.646447
21 13 -34.042528 0.011628 -0.650780
21 14 -16.506216 0.019069 -0.659288
21 15 1.323371 0.027801 -0.673240
21 16 19.608105 0.036610 -0.693552
21 17 38.527286 0.043028 -0.720190
21 18 58.240956 0.042635 -0.750826
21 19 78.803545 0.029272 -0.778468
21 20 100.000000 0.000000 0.000000
21 21 100.000000 0.000000 0.000000
21 22 100.000000 0.000000 0.000000
21 23 100.000000 0.000000 0.000000
21 24 100.000000 0.000000 0.000000
21 25 100.000000 0.000000 0.000000
21 26 100.000000 0.000000 0.000000
21 27 100.000000 0.000000 0.000000
21 28 100.000000 0.000000 0.000000
21 29 100.000000 0.000000 0.000000
21 30 81.641030 0.035797 0.556246
21 31 70.161501 0.045169 0.411694
21 32 59.556679 0.044364 0.380886
21 33 49.729781 0.039105 0.354428
21 34 40.544241 0.032329 0.332999
21 35 31.866844 0.025321 0.316297
21 36 23.577247 0.018555 0.303851
21 37 15.567510 0.012132 0.295252
21 38 7.739178 0.005990 0.290208
21 39 0.000000 0.000000 0.144273
22 0 0.000000 0.000000 0.000000
22 1 -9.271785 -0.005181 0.346777
22 2 -18.602017 -0.010101 0.350009
22 3 -28.047158 -0.014466 0.355262
22 4 -37.659168 -0.017924 0.362301
22 5 -47.481945 -0.020055 0.370733
22 6 -57.546268 -0.020398 0.379944
22 7 -67.863124 -0.018536 0.389055
22 8 -78.416199 -0.014260 0.396939
22 9 -89.155981 -0.007802 0.402363
22 10 -100.000000 0.000000 0.000000
22 11 -68.779534 0.001520 -0.902081
22 12 -51.610042 0.007327 -0.640233
22 13 -34.435769 0.016469 -0.642138
22 14 -17.164090 0.029045 -0.648479
22 15 0.350353 0.044552 -0.661288
22 16 18.309135 0.061625 -0.682774
22 17 36.976144 0.077025 -0.715177
22 18 56.673069 0.083274 -0.759199
22 19 77.701533 0.064761 -0.807696
22 20 100.000000 0.000000 0.000000
22 21 100.000000 0.000000 0.000000
22 22 100.000000 0.000000 0.000000
22 23 100.000000 0.000000 0.000000
22 24 100.000000 0.000000 0.000000
22 25 100.000000 0.000000 0.000000
22 26 100.000000 0.000000 0.000000
22 27 100.000000 0.000000 0.000000
22 28 100.000000 0.000000 0.000000
22 29 100.000000 0.000000 0.000000
22 30 80.283409 0.078482 0.586981
22 31 68.512825 0.084499 0.415815
22 32 57.978006 0.075950 0.375679
22 33 48.360428 0.063731 0.345896
22 34 39.423224 0.051257 0.323744
22 35 30.993935 0.039532 0.307283
22 36 22.939754 0.028721 0.295333
22 37 15.151490 0.018691 0.287193
22 38 7.533975 0.009207 0.282453
22 39 0.000000 0.000000 0.140448
23 0 0.000000 0.000000 0.000000
23 1 -9.103598 -0.007510 0.340655
23 2 -18.273639 -0.014705 0.344355
23 3 -27.575719 -0.021217 0.350456
23 4 -37.073024 -0.026569 0.358810
23 5 -46.823245 -0.030141 0.369107
23 6 -56.872875 -0.031173 0.380753
23 7 -67.247850 -0.028860 0.392738
23 8 -77.940358 -0.022621 0.403537
23 9 -88.894600 -0.012563 0.411234
23 10 -100.000000 0.000000 0.000000
23 11 -68.801167 -0.001569 -0.898376
23 12 -51.808778 0.005359 -0.631498
23 13 -34.925991 0.017876 -0.629062
23 14 -18.064265 0.036088 -0.631205
23 15 -1.066530 0.059736 -0.640660
23 16 16.302381 0.088310 -0.661079
23 17 34.395459 0.120171 -0.698540
23 18 53.773901 0.148674 -0.763091
23 19 75.329623 0.146494 -0.861742
23 20 100.000000 0.000000 0.000000
23 21 100.000000 0.000000 0.000000
23 22 100.000000 0.000000 0.000000
23 23 100.000000 0.000000 0.000000
23 24 100.000000 0.000000 0.000000
23 25 100.000000 0.000000 0.000000
23 26 100.000000 0.000000 0.000000
23 27 100.000000 0.000000 0.000000
23 28 100.000000 0.000000 0.000000
23 29 100.000000 0.000000 0.000000
23 30 77.431043 0.171796 0.640745
23 31 65.628758 0.138392 0.409163
23 32 55.482498 0.111207 0.360118
23 33 46.311107 0.088608 0.329735
23 34 37.794664 0.069436 0.308801
23 35 29.746234 0.052828 0.293761
23 36 22.036583 0.038104 0.283010
23 37 14.564866 0.024705 0.275738
23 38 7.245285 0.012147 0.271517
23 39 0.000000 0.000000 0.135066
24 0 0.000000 0.000000 0.000000
24 1 -8.868947 -0.010153 0.332072
24 2 -17.813191 -0.019994 0.336301
24 3 -26.909011 -0.029129 0.343397
24 4 -36.233918 -0.036995 0.353377
24 5 -45.865087 -0.042768 0.366130
24 6 -55.874092 -0.045291 0.381225
24 7 -66.315007 -0.043111 0.397607
24 8 -77.202756 -0.034800 0.413236
24 9 -88.482054 -0.019830 0.424984
24 10 -100.000000 0.000000 0.000000
24 11 -68.695346 -0.009197 -0.896722
24 12 -51.897528 -0.002198 -0.620788
24 13 -35.394684 0.013586 -0.611410
24 14 -19.099926 0.037691 -0.606619
24 15 -2.854049 0.069992 -0.609066
24 16 13.571978 0.111703 -0.622340
24 17 30.529864 0.166671 -0.654812
24 18 48.697790 0.244754 -0.732876
24 19 69.843212 0.372538 -0.956371
24 20 100.000000 0.000000 0.000000
24 21 100.000000 0.000000 0.000000
24 22 100.000000 0.000000 0.000000
24 23 100.000000 0.000000 0.000000
24 24 100.000000 0.000000 0.000000
24 25 100.000000 0.000000 0.000000
24 26 100.000000 0.000000 0.000000
24 27 100.000000 0.000000 0.000000
24 28 100.000000 0.000000 0.000000
24 29 100.000000 0.000000 0.000000
24 30 71.067842 0.256632 0.725373
24 31 61.089117 0.186064 0.355226
24 32 52.012588 0.141874 0.325894
24 33 43.607291 0.110055 0.304126
24 34 35.698499 0.085049 0.287965
24 35 28.160094 0.064239 0.275952
24 36 20.895732 0.046163 0.267210
24 37 13.826266 0.029875 0.261236
24 38 6.882352 0.014678 0.257748
24 39 0.000000 0.000000 0.128300
25 0 0.000000 0.000000 0.000000
25 1 -8.558973 -0.013108 0.320662
25 2 -17.201127 -0.025988 0.325379
25 3 -26.013168 -0.038310 0.333454
25 4 -35.088490 -0.049516 0.345171
25 5 -44.529034 -0.058646 0.360811
25 6 -54.443341 -0.064113 0.380411
25 7 -64.935283 -0.063492 0.403229
25 8 -76.073573 -0.053640 0.426817
25 9 -87.830846 -0.031958 0.446034
25 10 -100.000000 0.000000 0.000000
25 11 -68.307823 -0.024774 -0.900574
25 12 -51.690875 -0.018542 -0.608715
25 13 -35.654767 0.000972 -0.589173
25 14 -20.086113 0.031096 -0.574798
25 15 -4.821097 0.070835 -0.566648
25 16 10.310334 0.121836 -0.564400
25 17 25.454798 0.190051 -0.565489
25 18 40.644650 0.291127 -0.557223
25 19 55.345710 0.468296 -0.475897
25 20 66.173007 0.855642 -0.333620
25 21 73.241944 0.727019 -0.213660
25 22 77.634293 0.637897 -0.131174
25 23 80.278441 0.579521 -0.076880
25 24 81.758350 0.544996 -0.039026
25 25 82.371876 0.530325 -0.008006
25 26 82.187815 0.534580 0.025305
25 27 81.014446 0.560221 0.075101
25 28 78.159213 0.613569 0.176317
25 29 71.556356 0.702518 0.270207
25 30 63.664626 0.273677 0.296565
25 31 55.647817 0.207353 0.294405
25 32 47.871986 0.160170 0.284109
25 33 40.407475 0.124686 0.272910
25 34 33.232398 0.096466 0.262985
25 35 26.300283 0.072914 0.254875
25 36 19.560263 0.052434 0.248646
25 37 12.962283 0.033954 0.244253
25 38 6.457916 0.016689 0.241642
25 39 0.000000 0.000000 0.120388
26 0 0.000000 0.000000 0.000000
26 1 -8.165790 -0.016292 0.306084
26 2 -16.419128 -0.032541 0.311100
26 3 -24.853983 -0.048606 0.319870
26 4 -33.577770 -0.064112 0.333040
26 5 -42.719140 -0.078189 0.351532
26 6 -52.434885 -0.089025 0.376380
26 7 -62.909150 -0.093103 0.408080
26 8 -74.325363 -0.084311 0.444769
26 9 -86.767740 -0.054362 0.478624
26 10 -100.000000 0.000000 0.000000
26 11 -67.366393 -0.055115 -0.915263
26 12 -50.902904 -0.048168 -0.595042
26 13 -35.446808 -0.022256 -0.561772
26 14 -20.767997 0.014883 -0.536756
26 15 -6.653846 0.060414 -0.518327
26 16 7.036384 0.114750 -0.503124
26 17 20.335055 0.180563 -0.485521
26 18 33.080966 0.261401 -0.454630
26 19 44.722592 0.353867 -0.391856
26 20 54.101127 0.403860 -0.303457
26 21 61.000807 0.416881 -0.217745
26 22 65.781553 0.411155 -0.147498
26 23 68.913000 0.399881 -0.092901
26 24 70.764982 0.390008 -0.049196
26 25 71.552001 0.384466 -0.010417
26 26 71.323752 0.383654 0.029896
26 27 69.948287 0.384868 0.078989
26 28 67.086555 0.377216 0.142297
26 29 62.315100 0.322975 0.199458
26 30 56.387122 0.262129 0.230207
26 31 49.966175 0.209498 0.241719
26 32 43.420672 0.166762 0.243228
26 33 36.918789 0.132053 0.240422
26 34 30.523825 0.103212 0.236193
26 35 24.248778 0.078518 0.231920
26 36 18.083049 0.056702 0.228250
26 37 12.004869 0.036818 0.225492
26 38 5.987090 0.018125 0.223794
26 39 0.000000 0.000000 0.111611
27 0 0.000000 0.000000 0.000000
27 1 -7.685025 -0.019520 0.288121
27 2 -15.455556 -0.039277 0.293065
27 3 -23.405792 -0.059464 0.301884
27 4 -31.649380 -0.080136 0.315589
27 5 -40.334779 -0.100973 0.335898
27 6 -49.667815 -0.120695 0.365497
27 7 -59.940989 -0.135586 0.407943
27 8 -71.550931 -0.136138 0.465558
27 9 -84.914727 -0.101180 0.530345
27 10 -100.000000 0.000000 0.000000
27 11 -65.351312 -0.116089 -0.948742
27 12 -49.107011 -0.096762 -0.575856
27 13 -34.460917 -0.056711 -0.526122
27 14 -20.884481 -0.009725 -0.492128
27 15 -8.061874 0.041185 -0.466780
27 16 4.154828 0.096184 -0.444251
27 17 15.768914 0.156046 -0.418838
27 18 26.622400 0.220043 -0.383920
27 19 36.363380 0.281903 -0.333438
27 20 44.508895 0.324527 -0.270606
27 21 50.879386 0.346197 -0.206366
27 22 55.578880 0.353335 -0.148173
27 23 58.827782 0.352894 -0.098027
27 24 60.837327 0.349641 -0.054441
27 25 61.748138 0.345910 -0.014360
27 26 61.607643 0.341767 0.025707
27 27 60.369133 0.334644 0.068663
27 28 57.924368 0.318311 0.114424
27 29 54.231118 0.283964 0.155120
27 30 49.603334 0.242363 0.183088
27 31 44.409807 0.201744 0.199038
27 32 38.926417 0.165327 0.206664
27 33 33.323794 0.133551 0.209359
27 34 27.695863 0.105808 0.209449
27 35 22.088383 0.081242 0.208365
27 36 16.518599 0.059039 0.206946
27 37 10.987245 0.038492 0.205675
27 38 5.485640 0.018992 0.204823
27 39 0.000000 0.000000 0.102263
28 0 0.000000 0.000000 0.000000
28 1 -7.118712 -0.022509 0.266807
28 2 -14.312215 -0.045583 0.271155
28 3 -21.664159 -0.069839 0.279011
28 4 -29.279075 -0.095995 0.291531
28 5 -37.302665 -0.124875 0.310973
28 6 -45.960488 -0.157197 0.341767
28 7 -55.635949 -0.192410 0.392637
28 8 -67.022562 -0.223477 0.479176
28 9 -81.340199 -0.214220 0.614762
28 10 -100.000000 0.000000 0.000000
28 11 -61.139078 -0.250306 -1.012025
28 12 -45.712327 -0.166082 -0.535664
28 13 -32.404657 -0.098105 -0.474735
28 14 -20.246327 -0.038259 -0.438859
28 15 -8.863118 0.017864 -0.412418
28 16 1.876819 0.072752 -0.388263
28 17 11.964329 0.127391 -0.361662
28 18 21.277307 0.180816 -0.328774
28 19 29.600601 0.229169 -0.287371
28 20 36.692651 0.266143 -0.239163
28 21 42.429917 0.290038 -0.188937
28 22 46.827747 0.303089 -0.140801
28 23 49.982858 0.308712 -0.096595
28 24 52.009335 0.309747 -0.056180
28 25 52.996498 0.307760 -0.018290
28 26 52.990458 0.302857 0.018630
28 27 51.997131 0.293624 0.055533
28 28 50.011548 0.277414 0.091617
28 29 47.082534 0.252203 0.123510
28 30 43.386125 0.221613 0.147988
28 31 39.144097 0.189786 0.164683
28 32 34.552127 0.159247 0.175035
28 33 29.754760 0.131015 0.180903
28 34 24.848007 0.105226 0.183884
28 35 19.890738 0.081603 0.185151
28 36 14.916045 0.059719 0.185499
28 37 9.940070 0.039117 0.185445
28 38 4.968292 0.019352 0.185302
28 39 0.000000 0.000000 0.092618
29 0 0.000000 0.000000 0.000000
29 1 -6.477561 -0.024935 0.242538
29 2 -13.010355 -0.050708 0.245736
29 3 -19.659452 -0.078314 0.251472
29 4 -26.499970 -0.109130 0.260553
29 5 -33.636173 -0.145335 0.274696
29 6 -41.235374 -0.190808 0.297962
29 7 -49.619608 -0.253382 0.341663
29 8 -59.563045 -0.351142 0.443749
29 9 -73.423436 -0.532223 0.753822
29 10 -100.000000 0.000000 0.000000
29 11 -51.924230 -0.351449 -1.114824
29 12 -40.197923 -0.219157 -0.423655
29 13 -29.198295 -0.131370 -0.398298
29 14 -18.832190 -0.063070 -0.376159
29 15 -9.020148 -0.004224 -0.355770
29 16 0.252238 0.049565 -0.334724
29 17 8.935318 0.099949 -0.310774
29 18 16.922966 0.146657 -0.282142
29 19 24.070143 0.187812 -0.248111
29 20 30.232277 0.220835 -0.209737
29 21 35.320967 0.244721 -0.169420
29 22 39.320415 0.260265 -0.129499
29 23 42.267643 0.269117 -0.091370
29 24 44.221718 0.272869 -0.055394
29 25 45.239108 0.272521 -0.021249
29 26 45.361593 0.268274 0.011571
29 27 44.618393 0.259576 0.043220
29 28 43.043144 0.245517 0.073004
29 29 40.702295 0.225818 0.099319
29 30 37.715439 0.202097 0.120671
29 31 34.229172 0.176540 0.136672
29 32 30.384003 0.150858 0.147893
29 33 26.295792 0.126036 0.155338
29 34 22.051244 0.102479 0.160037
29 35 17.710975 0.080225 0.162858
29 36 13.315108 0.059117 0.164460
29 37 8.888898 0.038905 0.165309
29 38 4.447527 0.019300 0.165706
29 39 0.000000 0.000000 0.082910
30 0 0.000000 0.000000 0.000000
30 1 -5.781125 -0.026523 0.216099
30 2 -11.592106 -0.054000 0.217776
30 3 -17.463209 -0.083578 0.220588
30 4 -23.425035 -0.116879 0.224510
30 5 -29.506514 -0.156528 0.229295
30 6 -35.725037 -0.207320 0.233720
30 7 -42.043862 -0.279171 0.232303
30 8 -48.186378 -0.395490 0.200335
30 9 -52.790354 -0.619804 0.022171
30 10 -49.375700 -1.149225 -0.195813
30 11 -42.286427 -0.336210 -0.287450
30 12 -33.956153 -0.227729 -0.315585
30 13 -25.357608 -0.145150 -0.318647
30 14 -16.863090 -0.078428 -0.311712
30 15 -8.636541 -0.021256 -0.299782
30 16 -0.781991 0.029784 -0.284091
30 17 6.602831 0.076179 -0.264570
30 18 13.410220 0.118052 -0.240910
30 19 19.525879 0.154585 -0.213194
30 20 24.846508 0.184660 -0.182253
30 21 29.302428 0.207745 -0.149507
30 22 32.866467 0.224130 -0.116406
30 23 35.546742 0.234618 -0.083990
30 24 37.371935 0.240089 -0.052775
30 25 38.377753 0.241180 -0.022885
30 26 38.599520 0.238141 0.005685
30 27 38.072781 0.230888 0.032775
30 28 36.841382 0.219257 0.057859
30 29 34.969058 0.203455 0.080091
30 30 32.545103 0.184417 0.098710
30 31 29.674018 0.163419 0.113443
30 32 26.459708 0.141609 0.124531
30 33 22.993851 0.119793 0.132524
30 34 19.350784 0.098427 0.138073
30 35 15.587271 0.077700 0.141789
30 36 11.744846 0.057620 0.144180
30 37 7.853091 0.038087 0.145628
30 38 3.932983 0.018943 0.146397
30 39 0.000000 0.000000 0.073318
31 0 0.000000 0.000000 0.000000
31 1 -5.054777 -0.027158 0.188537
31 2 -10.113640 -0.055192 0.188681
31 3 -15.176114 -0.085119 0.188593
31 4 -20.230284 -0.118280 0.187603
31 5 -25.239614 -0.156578 0.184254
31 6 -30.114171 -0.202776 0.175319
31 7 -34.644166 -0.260492 0.153493
31 8 -38.347950 -0.331844 0.103115
31 9 -40.175520 -0.402285 0.000087
31 10 -38.352598 -0.361766 -0.117192
31 11 -33.889026 -0.286189 -0.193329
31 12 -27.981941 -0.210399 -0.232594
31 13 -21.412077 -0.143072 -0.248997
31 14 -14.625110 -0.084236 -0.252265
31 15 -7.879944 -0.032154 -0.247558
31 16 -1.345436 0.014646 -0.237290
31 17 4.848885 0.056932 -0.222506
31 18 10.590352 0.094787 -0.203736
31 19 15.777820 0.127815 -0.181503
31 20 20.326638 0.155475 -0.156576
31 21 24.176972 0.177469 -0.129950
31 22 27.297487 0.193892 -0.102626
31 23 29.682117 0.205136 -0.075411
31 24 31.342713 0.211690 -0.048832
31 25 32.301611 0.213966 -0.023198
31 26 32.587089 0.212221 0.001280
31 27 32.232934 0.206579 0.024337
31 28 31.281604 0.197170 0.045570
31 29 29.788460 0.184326 0.064478
31 30 27.822842 0.168697 0.080636
31 31 25.462959 0.151110 0.093864
31 32 22.787742 0.132366 0.104267
31 33 19.869801 0.113099 0.112157
31 34 16.771342 0.093739 0.117945
31 35 13.542932 0.074530 0.122050
31 36 10.224242 0.055575 0.124847
31 37 6.845832 0.036879 0.126632
31 38 3.431379 0.018385 0.127619
31 39 0.000000 0.000000 0.063967
32 0 0.000000 0.000000 0.000000
32 1 -4.324284 -0.026918 0.160907
32 2 -8.631467 -0.054490 0.159815
32 3 -12.897186 -0.083428 0.157500
32 4 -17.080198 -0.114544 0.153052
32 5 -21.107276 -0.148728 0.144799
32 6 -24.847616 -0.186714 0.129805
32 7 -28.070380 -0.228179 0.103235
32 8 -30.385383 -0.269112 0.058542
32 9 -31.210749 -0.295726 -0.007750
32 10 -29.969627 -0.279115 -0.079717
32 11 -26.934521 -0.236379 -0.136083
32 12 -22.669791 -0.184606 -0.172469
32 13 -17.682839 -0.132503 -0.192484
32 14 -12.344435 -0.083290 -0.200794
32 15 -6.911720 -0.037769 -0.200900
32 16 -1.567658 0.004026 -0.195005
32 17 3.548877 0.042116 -0.184429
32 18 8.325609 0.076351 -0.170027
32 19 12.669566 0.106414 -0.152506
32 20 16.506427 0.131957 -0.132599
32 21 19.782521 0.152766 -0.111090
32 22 22.465579 0.168835 -0.088739
32 23 24.542710 0.180346 -0.066193
32 24 26.016358 0.187568 -0.043945
32 25 26.900042 0.190776 -0.022353
32 26 27.215415 0.190200 -0.001702
32 27 26.991347 0.186038 0.017723
32 28 26.264681 0.178518 0.035607
32 29 25.081318 0.167985 0.051618
32 30 23.495765 0.154936 0.065494
32 31 21.568073 0.139961 0.077112
32 32 19.359251 0.123648 0.086520
32 33 16.926926 0.106500 0.093897
32 34 14.322396 0.088900 0.099503
32 35 11.589304 0.071106 0.103625
32 36 8.763668 0.053272 0.106529
32 37 5.874804 0.035470 0.108438
32 38 2.946760 0.017718 0.109518
32 39 0.000000 0.000000 0.054933
33 0 0.000000 0.000000 0.000000
33 1 -3.610831 -0.026023 0.134048
33 2 -7.190660 -0.052422 0.132171
33 3 -10.700827 -0.079558 0.128540
33 4 -14.085869 -0.107739 0.122303
33 5 -17.261457 -0.137077 0.112085
33 6 -20.098373 -0.167171 0.095868
33 7 -22.404044 -0.196399 0.071095
33 8 -23.912081 -0.220699 0.035568
33 9 -24.312028 -0.232390 -0.009917
33 10 -23.380120 -0.222590 -0.057846
33 11 -21.209036 -0.195605 -0.098820
33 12 -18.079174 -0.159143 -0.128718
33 13 -14.304281 -0.119041 -0.147680
33 14 -10.157219 -0.078650 -0.157531
33 15 -5.853927 -0.039654 -0.160243
33 16 -1.561375 -0.002888 -0.157405
33 17 2.589696 0.031158 -0.150181
33 18 6.494709 0.062089 -0.139438
33 19 10.069501 0.089536 -0.125896
33 20 13.248100 0.113178 -0.110225
33 21 15.982232 0.132803 -0.093072
33 22 18.240730 0.148340 -0.075046
33 23 20.007913 0.159846 -0.056678
33 24 21.281081 0.167463 -0.038402
33 25 22.067875 0.171373 -0.020565
33 26 22.384246 0.171769 -0.003458
33 27 22.253385 0.168856 0.012654
33 28 21.705435 0.162882 0.027517
33 29 20.777293 0.154164 0.040896
33 30 19.511688 0.143103 0.052611
33 31 17.955105 0.130152 0.062576
33 32 16.154964 0.115766 0.070806
33 33 14.156866 0.100355 0.077409
33 34 12.002520 0.084257 0.082551
33 35 9.728620 0.067724 0.086422
33 36 7.366610 0.050937 0.089211
33 37 4.943126 0.034012 0.091079
33 38 2.480913 0.017019 0.092149
33 39 0.000000 0.000000 0.046249
34 0 0.000000 0.000000 0.000000
34 1 -2.928324 -0.024753 0.108485
34 2 -5.819421 -0.049616 0.106280
34 3 -8.629463 -0.074645 0.102184
34 4 -11.300822 -0.099775 0.095533
34 5 -13.754101 -0.124670 0.085367
34 6 -15.880119 -0.148495 0.070484
34 7 -17.535037 -0.169545 0.049707
34 8 -18.546512 -0.184894 0.022551
34 9 -18.744742 -0.190544 -0.009642
34 10 -18.029297 -0.183250 -0.042932
34 11 -16.441766 -0.164305 -0.072635
34 12 -14.132952 -0.137317 -0.095905
34 13 -11.297184 -0.105865 -0.111991
34 14 -8.125461 -0.072610 -0.121408
34 15 -4.784558 -0.039307 -0.125138
34 16 -1.412723 -0.007078 -0.124194
34 17 1.877506 0.023318 -0.119452
34 18 4.994998 0.051316 -0.111649
34 19 7.866626 0.076467 -0.101417
34 20 10.435256 0.098420 -0.089332
34 21 12.658604 0.116934 -0.075928
34 22 14.508226 0.131881 -0.061696
34 23 15.968156 0.143239 -0.047070
34 24 17.033190 0.151070 -0.032418
34 25 17.707126 0.155489 -0.018047
34 26 18.001276 0.156650 -0.004219
34 27 17.933446 0.154741 0.008836
34 28 17.527269 0.149993 0.020914
34 29 16.811567 0.142689 0.031839
34 30 15.819367 0.133163 0.041481
34 31 14.586402 0.121781 0.049776
34 32 13.149265 0.108912 0.056724
34 33 11.543598 0.094902 0.062387
34 34 9.802650 0.080049 0.066872
34 35 7.956404 0.064599 0.070306
34 36 6.031279 0.048741 0.072817
34 37 4.050330 0.032621 0.074520
34 38 2.033813 0.016346 0.075506
34 39 0.000000 0.000000 0.037914
35 0 0.000000 0.000000 0.000000
35 1 -2.282992 -0.023375 0.084432
35 2 -4.529153 -0.046641 0.082279
35 3 -6.696663 -0.069632 0.078381
35 4 -8.733702 -0.092043 0.072277
35 5 -10.573812 -0.113334 0.063364
35 6 -12.132732 -0.132591 0.050993
35 7 -13.309198 -0.148392 0.034695
35 8 -13.993861 -0.158788 0.014570
35 9 -14.090752 -0.161640 -0.008272
35 10 -13.550125 -0.155557 -0.031607
35 11 -12.395284 -0.141046 -0.052887
35 12 -10.713126 -0.119952 -0.070277
35 13 -8.625425 -0.094487 -0.082974
35 14 -6.262210 -0.066616 -0.090973
35 15 -3.745398 -0.037881 -0.094710
35 16 -1.181699 -0.009429 -0.094780
35 17 1.338860 0.017881 -0.091787
35 18 3.741987 0.043395 -0.086289
35 19 5.967610 0.066601 -0.078792
35 20 7.968571 0.087108 -0.069758
35 21 9.709591 0.104637 -0.059612
35 22 11.166307 0.119015 -0.048741
35 23 12.324181 0.130166 -0.037488
35 24 13.177277 0.138095 -0.026152
35 25 13.727023 0.142869 -0.014985
35 26 13.981121 0.144607 -0.004206
35 27 13.952658 0.143470 0.005998
35 28 13.659395 0.139666 0.015465
35 29 13.123060 0.133442 0.024065
35 30 12.368478 0.125084 0.031702
35 31 11.422477 0.114900 0.038325
35 32 10.312637 0.103203 0.043928
35 33 9.066076 0.090294 0.048547
35 34 7.708464 0.076443 0.052248
35 35 6.263369 0.061883 0.055114
35 36 4.751990 0.046810 0.057233
35 37 3.193231 0.031387 0.058684
35 38 1.604049 0.015746 0.059528
35 39 0.000000 0.000000 0.029903
36 0 0.000000 0.000000 0.000000
36 1 -1.674447 -0.022104 0.061844
36 2 -3.317464 -0.043942 0.060023
36 3 -4.894233 -0.065197 0.056782
36 4 -6.363382 -0.085431 0.051830
36 5 -7.674554 -0.104031 0.044819
36 6 -8.767605 -0.120141 0.035427
36 7 -9.574931 -0.132640 0.023509
36 8 -10.028712 -0.140224 0.009303
36 9 -10.073964 -0.141667 -0.006411
36 10 -9.684806 -0.136290 -0.022338
36 11 -8.875711 -0.124364 -0.037031
36 12 -7.698388 -0.106957 -0.049346
36 13 -6.228677 -0.085509 -0.058654
36 14 -4.552011 -0.061481 -0.064802
36 15 -2.752536 -0.036165 -0.067952
36 16 -0.906911 -0.010634 -0.068431
36 17 0.918301 0.014248 -0.066627
36 18 2.667160 0.037789 -0.062929
36 19 4.293956 0.059441 -0.057704
36 20 5.762538 0.078781 -0.051296
36 21 7.045603 0.095497 -0.044021
36 22 8.123954 0.109383 -0.036167
36 23 8.985706 0.120322 -0.027990
36 24 9.625423 0.128281 -0.019715
36 25 10.043267 0.133291 -0.011535
36 26 10.244204 0.135443 -0.003618
36 27 10.237321 0.134874 0.003896
36 28 10.035213 0.131764 0.010886
36 29 9.653380 0.126335 0.017256
36 30 9.109545 0.118835 0.022939
36 31 8.422879 0.109536 0.027895
36 32 7.613161 0.098712 0.032118
36 33 6.699981 0.086632 0.035626
36 34 5.702071 0.073547 0.038461
36 35 4.636859 0.059681 0.040673
36 36 3.520253 0.045232 0.042321
36 37 2.366657 0.030371 0.043456
36 38 1.189182 0.015249 0.044119
36 39 0.000000 0.000000 0.022169
37 0 0.000000 0.000000 0.000000
37 1 -1.097300 -0.021097 0.040490
37 2 -2.171970 -0.041827 0.039186
37 3 -3.199346 -0.061780 0.036892
37 4 -4.150940 -0.080453 0.033443
37 5 -4.993293 -0.097218 0.028655
37 6 -5.688055 -0.111300 0.022384
37 7 -6.194033 -0.121802 0.014612
37 8 -6.471889 -0.127797 0.005543
37 9 -6.491350 -0.128512 -0.004339
37 10 -6.239156 -0.123569 -0.014304
37 11 -5.724063 -0.113160 -0.023553
37 12 -4.975700 -0.097996 -0.031422
37 13 -4.038514 -0.079106 -0.037498
37 14 -2.964218 -0.057628 -0.041630
37 15 -1.805392 -0.034660 -0.043864
37 16 -0.611252 -0.011183 -0.044367
37 17 0.574574 0.011962 -0.043364
37 18 1.714894 0.034078 -0.041095
37 19 2.779029 0.054601 -0.037799
37 20 3.742548 0.073085 -0.033701
37 21 4.586858 0.089197 -0.029010
37 22 5.298732 0.102704 -0.023916
37 23 5.869793 0.113466 -0.018590
37 24 6.295966 0.121422 -0.013182
37 25 6.576928 0.126580 -0.007823
37 26 6.715603 0.129008 -0.002624
37 27 6.717684 0.128824 0.002319
37 28 6.591209 0.126189 0.006927
37 29 6.346127 0.121304 0.011136
37 30 5.993836 0.114393 0.014903
37 31 5.546688 0.105701 0.018201
37 32 5.017464 0.095481 0.021024
37 33 4.418886 0.083980 0.023382
37 34 3.763205 0.071436 0.025296
37 35 3.061919 0.058065 0.026799
37 36 2.325629 0.044067 0.027923
37 37 1.564033 0.029618 0.028701
37 38 0.786044 0.014880 0.029157
37 39 0.000000 0.000000 0.014653
38 0 0.000000 0.000000 0.000000
38 1 -0.542761 -0.020456 0.020016
38 2 -1.073734 -0.040490 0.019340
38 3 -1.580193 -0.059642 0.018156
38 4 -2.047676 -0.077381 0.016393
38 5 -2.459548 -0.093084 0.013972
38 6 -2.797197 -0.106036 0.010842
38 7 -3.041150 -0.115469 0.007012
38 8 -3.173332 -0.120648 0.002593
38 9 -3.180243 -0.121011 -0.002183
38 10 -3.056239 -0.116310 -0.006986
38 11 -2.805498 -0.106707 -0.011458
38 12 -2.441625 -0.092756 -0.015291
38 13 -1.985231 -0.075286 -0.018286
38 14 -1.460708 -0.055259 -0.020356
38 15 -0.893298 -0.033656 -0.021507
38 16 -0.306999 -0.011395 -0.021810
38 17 0.276648 0.010711 -0.021366
38 18 0.839118 0.031969 -0.020290
38 19 1.365032 0.051806 -0.018697
38 20 1.842086 0.069768 -0.016700
38 21 2.260870 0.085508 -0.014402
38 22 2.614646 0.098778 -0.011898
38 23 2.899092 0.109424 -0.009272
38 24 3.112035 0.117369 -0.006601
38 25 3.253189 0.122606 -0.003949
38 26 3.323896 0.125192 -0.001374
38 27 3.326893 0.125230 0.001078
38 28 3.266088 0.122873 0.003366
38 29 3.146338 0.118304 0.005460
38 30 2.973221 0.111736 0.007337
38 31 2.752788 0.103401 0.008984
38 32 2.491312 0.093535 0.010397
38 33 2.195056 0.082376 0.011581
38 34 1.870077 0.070153 0.012545
38 35 1.522087 0.057080 0.013305
38 36 1.156385 0.043354 0.013874
38 37 0.777845 0.029157 0.014269
38 38 0.390972 0.014653 0.014501
38 39 0.000000 0.000000 0.007288
39 0 0.000000 0.000000 0.000000
39 1 0.000000 0.000000 0.000000
39 2 0.000000 0.000000 0.000000
39 3 0.000000 0.000000 0.000000
39 4 0.000000 0.000000 0.000000
39 5 0.000000 0.000000 0.000000
39 6 0.000000 0.000000 0.000000
39 7 0.000000 0.000000 0.000000
39 8 0.000000 0.000000 0.000000
39 9 0.000000 0.000000 0.000000
39 10 0.000000 0.000000 0.000000
39 11 0.000000 0.000000 0.000000
39 12 0.000000 0.000000 0.000000
39 13 0.000000 0.000000 0.000000
39 14 0.000000 0.000000 0.000000
39 15 0.000000 0.000000 0.000000
39 16 0.000000 0.000000 0.000000
39 17 0.000000 0.000000 0.000000
39 18 0.000000 0.000000 0.000000
39 19 0.000000 0.000000 0.000000
39 20 0.000000 0.000000 0.000000
39 21 0.000000 0.000000 0.000000
39 22 0.000000 0.000000 0.000000
39 23 0.000000 0.000000 0.000000
39 24 0.000000 0.000000 0.000000
39 25 0.000000 0.000000 0.000000
39 26 0.000000 0.000000 0.000000
39 27 0.000000 0.000000 0.000000
39 28 0.000000 0.000000 0.000000
39 29 0.000000 0.000000 0.000000
39 30 0.000000 0.000000 0.000000
39 31 0.000000 0.000000 0.000000
39 32 0.000000 0.000000 0.000000
39 33 0.000000 0.000000 0.000000
39 34 0.000000 0.000000 0.000000
39 35 0.000000 0.000000 0.000000
39 36 0.000000 0.000000 0.000000
39 37 0.000000 0.000000 0.000000
39 38 0.000000 0.000000 0.000000
39 39 0.000000 0.000000 0.000000
