0 0 0.000000 0.000000 0.000000
0 1 0.000000 0.000000 0.000000
0 2 0.000000 0.000000 0.000000
0 3 0.000000 0.000000 0.000000
0 4 0.000000 0.000000 0.000000
0 5 0.000000 0.000000 0.000000
0 6 0.000000 0.000000 0.000000
0 7 0.000000 0.000000 0.000000
0 8 0.000000 0.000000 0.000000
0 9 0.000000 0.000000 0.000000
0 10 0.000000 0.000000 0.000000
0 11 0.000000 0.000000 0.000000
0 12 0.000000 0.000000 0.000000
0 13 0.000000 0.000000 0.000000
0 14 0.000000 0.000000 0.000000
0 15 0.000000 0.000000 0.000000
0 16 0.000000 0.000000 0.000000
0 17 0.000000 0.000000 0.000000
0 18 0.000000 0.000000 0.000000
0 19 0.000000 0.000000 0.000000
0 20 0.000000 0.000000 0.000000
0 21 0.000000 0.000000 0.000000
0 22 0.000000 0.000000 0.000000
0 23 0.000000 0.000000 0.000000
0 24 0.000000 0.000000 0.000000
0 25 0.000000 0.000000 0.000000
0 26 0.000000 0.000000 0.000000
0 27 0.000000 0.000000 0.000000
0 28 0.000000 0.000000 0.000000
0 29 0.000000 0.000000 0.000000
0 30 0.000000 0.000000 0.000000
0 31 0.000000 0.000000 0.000000
0 32 0.000000 0.000000 0.000000
0 33 0.000000 0.000000 0.000000
0 34 0.000000 0.000000 0.000000
0 35 0.000000 0.000000 0.000000
0 36 0.000000 0.000000 0.000000
0 37 0.000000 0.000000 0.000000
0 38 0.000000 0.000000 0.000000
0 39 0.000000 0.000000 0.000000
1 0 0.000000 0.000000 0.000000
1 1 -0.533713 0.018657 0.018537
1 2 -1.063973 0.037206 0.018344
1 3 -1.586604 0.055515 0.017979
1 4 -2.095964 0.073401 0.017380
1 5 -2.584186 0.090601 0.016455
1 6 -3.040461 0.106748 0.015093
1 7 -3.450501 0.121346 0.013171
1 8 -3.796455 0.133761 0.010578
1 9 -4.057663 0.143236 0.007251
1 10 -4.212653 0.148965 0.003221
1 11 -4.242556 0.150216 -0.001346
1 12 -4.135384 0.146508 -0.006149
1 13 -3.889631 0.137774 -0.010807
1 14 -3.515087 0.124404 -0.014975
1 15 -3.030084 0.107111 -0.018432
1 16 -2.457144 0.086748 -0.021096
1 17 -1.819208 0.064151 -0.022992
1 18 -1.137450 0.040068 -0.024192
1 19 -0.430651 0.015146 -0.024770
1 20 0.284330 -0.010046 -0.024777
1 21 0.991488 -0.034972 -0.024218
1 22 1.674406 -0.059080 -0.023061
1 23 2.315151 -0.081756 -0.021242
1 24 2.893682 -0.102294 -0.018694
1 25 3.388180 -0.119906 -0.015384
1 26 3.776711 -0.133774 -0.011363
1 27 4.040369 -0.143166 -0.006805
1 28 4.167334 -0.147613 -0.002019
1 29 4.156283 -0.147057 0.002618
1 30 4.017038 -0.141890 0.006770
1 31 3.767669 -0.132821 0.010228
1 32 3.429969 -0.120679 0.012931
1 33 3.025464 -0.106257 0.014931
1 34 2.572949 -0.090227 0.016342
1 35 2.087480 -0.073114 0.017292
1 36 1.580391 -0.055302 0.017903
1 37 1.059854 -0.037064 0.018271
1 38 0.531651 -0.018585 0.018465
1 39 0.000000 0.000000 0.009262
2 0 0.000000 0.000000 0.000000
2 1 -1.070883 0.018825 0.037206
2 2 -2.135584 0.037580 0.036858
2 3 -3.186489 0.056171 0.036194
2 4 -4.213075 0.074455 0.035085
2 5 -5.200328 0.092210 0.033347
2 6 -6.127162 0.109103 0.030746
2 7 -6.965088 0.124647 0.027013
2 8 -7.677651 0.138176 0.021890
2 9 -8.221528 0.148833 0.015205
2 10 -8.550371 0.155622 0.006980
2 11 -8.622152 0.157561 -0.002458
2 12 -8.409303 0.153945 -0.012442
2 13 -7.907994 0.144651 -0.022104
2 14 -7.140559 0.130246 -0.030662
2 15 -6.148020 0.111711 -0.037656
2 16 -4.979189 0.090110 -0.042961
2 17 -3.682133 0.066394 -0.046680
2 18 -2.299829 0.041338 -0.049004
2 19 -0.869369 0.015554 -0.050113
2 20 0.576603 -0.010453 -0.050118
2 21 2.007335 -0.036218 -0.049034
2 22 3.391101 -0.061253 -0.046784
2 23 4.692632 -0.084982 -0.043214
2 24 5.871508 -0.106689 -0.038151
2 25 6.882428 -0.125502 -0.031480
2 26 7.678390 -0.140428 -0.023260
2 27 8.217520 -0.150498 -0.013840
2 28 8.472769 -0.155025 -0.003891
2 29 8.440834 -0.153904 0.005723
2 30 8.144268 -0.147714 0.014236
2 31 7.623733 -0.137437 0.021211
2 32 6.926797 -0.124126 0.026564
2 33 6.098988 -0.108704 0.030452
2 34 5.178893 -0.091887 0.033143
2 35 4.196611 -0.074190 0.034925
2 36 3.174255 -0.055965 0.036050
2 37 2.127387 -0.037438 0.036717
2 38 1.066757 -0.018752 0.037064
2 39 0.000000 0.000000 0.018585
3 0 0.000000 0.000000 0.000000
3 1 -1.614246 0.019064 0.056117
3 2 -3.221002 0.038118 0.055689
3 3 -4.810711 0.057133 0.054854
3 4 -6.369537 0.076037 0.053419
3 5 -7.876902 0.094683 0.051103
3 6 -9.302783 0.112806 0.047530
3 7 -10.605040 0.129963 0.042244
3 8 -11.727522 0.145463 0.034763
3 9 -12.600406 0.158296 0.024697
3 10 -13.145109 0.167129 0.011950
3 11 -13.286320 0.170461 -0.003023
3 12 -12.971602 0.167060 -0.019059
3 13 -12.192383 0.156639 -0.034506
3 14 -10.991015 0.140218 -0.047916
3 15 -9.442109 0.119374 -0.058568
3 16 -7.629303 0.095584 -0.066413
3 17 -5.630135 0.069977 -0.071764
3 18 -3.510182 0.043334 -0.075032
3 19 -1.323407 0.016181 -0.076561
3 20 0.884310 -0.011104 -0.076548
3 21 3.070341 -0.038197 -0.075018
3 22 5.190224 -0.064735 -0.071825
3 23 7.192950 -0.090231 -0.066679
3 24 9.017465 -0.113981 -0.059215
3 25 10.591801 -0.134987 -0.049123
3 26 11.837057 -0.151941 -0.036358
3 27 12.678694 -0.163373 -0.021402
3 28 13.065519 -0.168086 -0.005426
3 29 12.990138 -0.165823 0.009930
3 30 12.495578 -0.157626 0.023238
3 31 11.656299 -0.145086 0.033816
3 32 10.554586 -0.129685 0.041664
3 33 9.264875 -0.112546 0.047170
3 34 7.847087 -0.094426 0.050855
3 35 6.345869 -0.075796 0.053214
3 36 4.792666 -0.056929 0.054656
3 37 3.208707 -0.037970 0.055484
3 38 1.607998 -0.018986 0.055902
3 39 0.000000 0.000000 0.028015
4 0 0.000000 0.000000 0.000000
4 1 -2.165110 0.019312 0.075324
4 2 -4.323487 0.038695 0.074928
4 3 -6.465838 0.058207 0.074114
4 4 -8.577484 0.077878 0.072635
4 5 -10.634982 0.097679 0.070116
4 6 -12.602040 0.117475 0.066026
4 7 -14.424771 0.136938 0.059670
4 8 -16.026980 0.155417 0.050222
4 9 -17.307435 0.171758 0.036871
4 10 -18.143287 0.184136 0.019145
4 11 -18.406341 0.190093 -0.002526
4 12 -17.998297 0.187196 -0.026265
4 13 -16.898786 0.174623 -0.048947
4 14 -15.188848 0.154612 -0.067927
4 15 -12.999909 0.129982 -0.082290
4 16 -10.465564 0.102874 -0.092358
4 17 -7.698687 0.074593 -0.098931
4 18 -4.787110 0.045837 -0.102800
4 19 -1.798127 0.016938 -0.104551
4 20 1.213965 -0.011950 -0.104496
4 21 4.199759 -0.040732 -0.102665
4 22 7.106761 -0.069260 -0.098818
4 23 9.871725 -0.097228 -0.092460
4 24 12.413835 -0.124019 -0.082907
4 25 14.630473 -0.148526 -0.069439
4 26 16.399544 -0.168976 -0.051646
4 27 17.594868 -0.182969 -0.029985
4 28 18.120649 -0.188126 -0.006340
4 29 17.958778 -0.183675 0.016183
4 30 17.191752 -0.171883 0.034972
4 31 15.951430 -0.155597 0.049152
4 32 14.370491 -0.136982 0.059104
4 33 12.558940 -0.117370 0.065711
4 34 10.598796 -0.097477 0.069893
4 35 8.547181 -0.077640 0.072422
4 36 6.441883 -0.057985 0.073876
4 37 4.306806 -0.038528 0.074660
4 38 2.156537 -0.019223 0.075034
4 39 0.000000 0.000000 0.037571
5 0 0.000000 0.000000 0.000000
5 1 -2.722723 0.019490 0.094811
5 2 -5.442022 0.039143 0.094584
5 3 -8.151701 0.059122 0.094037
5 4 -10.839608 0.079589 0.092892
5 5 -13.483529 0.100681 0.090700
5 6 -16.045643 0.122477 0.086788
5 7 -18.465031 0.144896 0.080186
5 8 -20.648181 0.167508 0.069584
5 9 -22.459031 0.189184 0.053416
5 10 -23.714200 0.207563 0.030285
5 11 -24.197364 0.218580 0.000037
5 12 -23.716333 0.217006 -0.034529
5 13 -22.215452 0.200045 -0.067090
5 14 -19.865480 0.173623 -0.092556
5 15 -16.902882 0.143068 -0.110306
5 16 -13.534093 0.111334 -0.121802
5 17 -9.911651 0.079683 -0.128801
5 18 -6.141134 0.048480 -0.132687
5 19 -2.295637 0.017684 -0.134348
5 20 1.570242 -0.012906 -0.134219
5 21 5.408294 -0.043523 -0.132328
5 22 9.165652 -0.074349 -0.128320
5 23 12.773656 -0.105402 -0.121437
5 24 16.135960 -0.136343 -0.110514
5 25 19.116977 -0.166125 -0.094080
5 26 21.536021 -0.192470 -0.070800
5 27 23.180806 -0.211401 -0.040552
5 28 23.863635 -0.217775 -0.006132
5 29 23.532759 -0.208868 0.026172
5 30 22.361394 -0.190636 0.051316
5 31 20.587333 -0.168439 0.068717
5 32 18.417149 -0.145278 0.079891
5 33 16.001721 -0.122476 0.086676
5 34 13.442078 -0.100471 0.090586
5 35 10.802259 -0.079301 0.092705
5 36 8.120938 -0.058846 0.093768
5 37 5.420134 -0.038933 0.094246
5 38 2.711359 -0.019378 0.094430
5 39 0.000000 0.000000 0.047238
6 0 0.000000 0.000000 0.000000
6 1 -3.283779 0.019504 0.114467
6 2 -6.570204 0.039263 0.114561
6 3 -9.859371 0.059552 0.114560
6 4 -13.145755 0.080674 0.114194
6 5 -16.413917 0.102980 0.113004
6 6 -19.631998 0.126855 0.110240
6 7 -22.741537 0.152660 0.104701
6 8 -25.641673 0.180537 0.094510
6 9 -28.166273 0.209906 0.076925
6 10 -30.057051 0.238352 0.048542
6 11 -30.952480 0.259658 0.006917
6 12 -30.454075 0.262202 -0.044800
6 13 -28.381019 0.234926 -0.092330
6 14 -25.154505 0.196765 -0.124903
6 15 -21.211775 0.157331 -0.144578
6 16 -16.855964 0.119711 -0.155744
6 17 -12.272349 0.084323 -0.161785
6 18 -7.569775 0.050714 -0.164799
6 19 -2.813154 0.018221 -0.165937
6 20 1.954728 -0.013835 -0.165703
6 21 6.697898 -0.046106 -0.164108
6 22 11.374261 -0.079212 -0.160697
6 23 15.921634 -0.113691 -0.154454
6 24 20.239694 -0.149827 -0.143630
6 25 24.165750 -0.187159 -0.125567
6 26 27.447027 -0.223380 -0.096923
6 27 29.728945 -0.252391 -0.055289
6 28 30.620547 -0.262704 -0.003807
6 29 29.947435 -0.243386 0.043322
6 30 28.133921 -0.213353 0.075401
6 31 25.619533 -0.182244 0.094510
6 32 22.709206 -0.153215 0.105067
6 33 19.588853 -0.126785 0.110518
6 34 16.365654 -0.102630 0.113068
6 35 13.098931 -0.080248 0.114047
6 36 9.819544 -0.059165 0.114245
6 37 6.541473 -0.038979 0.114128
6 38 3.268778 -0.019355 0.113966
6 39 0.000000 0.000000 0.056949
7 0 0.000000 0.000000 0.000000
7 1 -3.842212 0.019263 0.134075
7 2 -7.695680 0.038856 0.134632
7 3 -11.569865 0.059147 0.135448
7 4 -15.470168 0.080576 0.136320
7 5 -19.394428 0.103711 0.136881
7 6 -23.326929 0.129305 0.136468
7 7 -27.227464 0.158353 0.133867
7 8 -31.010695 0.192073 0.126830
7 9 -34.507306 0.231553 0.111231
7 10 -37.395185 0.276279 0.080037
7 11 -39.101322 0.319499 0.023888
7 12 -38.766315 0.337219 -0.059261
7 13 -35.699841 0.280693 -0.132527
7 14 -31.159488 0.221180 -0.170151
7 15 -25.933441 0.169780 -0.187361
7 16 -20.405292 0.125854 -0.194811
7 17 -14.751625 0.087181 -0.197797
7 18 -9.052054 0.051832 -0.198788
7 19 -3.341511 0.018321 -0.198898
7 20 2.364352 -0.014551 -0.198546
7 21 8.054730 -0.047858 -0.197705
7 22 13.712266 -0.082702 -0.195904
7 23 19.299305 -0.120322 -0.192053
7 24 24.735782 -0.162116 -0.183983
7 25 29.859619 -0.209306 -0.167634
7 26 34.357673 -0.261500 -0.136032
7 27 37.667653 -0.312080 -0.079876
7 28 38.942399 -0.337263 0.002873
7 29 37.502725 -0.288620 0.075523
7 30 34.607518 -0.237147 0.112457
7 31 31.047855 -0.193970 0.128855
7 32 27.211457 -0.158554 0.135350
7 33 23.278980 -0.128820 0.137261
7 34 19.332879 -0.103017 0.137123
7 35 15.408366 -0.079896 0.136171
7 36 11.516909 -0.058587 0.135037
7 37 7.657482 -0.038465 0.134056
7 38 3.822296 -0.019063 0.133409
7 39 0.000000 0.000000 0.066592
8 0 0.000000 0.000000 0.000000
8 1 -4.389416 0.018690 0.153323
8 2 -8.800476 0.037752 0.154445
8 3 -13.254290 0.057603 0.156280
8 4 -17.770678 0.078772 0.158758
8 5 -22.366747 0.101983 0.161733
8 6 -27.053867 0.128300 0.164882
8 7 -31.830720 0.159374 0.167470
8 8 -36.666344 0.197850 0.167711
8 9 -41.457046 0.247955 0.161131
8 10 -45.915004 0.315712 0.136488
8 11 -49.291207 0.404841 0.067857
8 12 -49.809871 0.486481 -0.083607
8 13 -44.492327 0.329446 -0.208368
8 14 -37.849890 0.237482 -0.235816
8 15 -30.956877 0.174755 -0.239905
8 16 -24.079758 0.126742 -0.238343
8 17 -17.276384 0.086714 -0.235806
8 18 -10.544861 0.051112 -0.233659
8 19 -3.864723 0.017778 -0.232320
8 20 2.789928 -0.014833 -0.231881
8 21 9.444860 -0.048073 -0.232259
8 22 16.121202 -0.083416 -0.233162
8 23 22.827946 -0.122783 -0.233869
8 24 29.544875 -0.169008 -0.232614
8 25 36.179597 -0.226451 -0.224951
8 26 42.456672 -0.301231 -0.199696
8 27 47.641834 -0.397166 -0.131053
8 28 49.978886 -0.485647 0.019654
8 29 46.513751 -0.336684 0.143438
8 30 41.745766 -0.252644 0.170051
8 31 36.753098 -0.197935 0.173103
8 32 31.809959 -0.158212 0.170218
8 33 26.982885 -0.126922 0.166055
8 34 22.278649 -0.100721 0.161991
8 35 17.684852 -0.077734 0.158477
8 36 13.182324 -0.056821 0.155676
8 37 8.749295 -0.037231 0.153652
8 38 4.362942 -0.018431 0.152431
8 39 0.000000 0.000000 0.076012
9 0 0.000000 0.000000 0.000000
9 1 -4.915004 0.017747 0.171827
9 2 -9.862563 0.035857 0.173545
9 3 -14.876195 0.054743 0.176469
9 4 -19.991565 0.074927 0.180700
9 5 -25.248073 0.097149 0.186409
9 6 -30.691125 0.122539 0.193859
9 7 -36.375240 0.152992 0.203417
9 8 -42.366930 0.191997 0.215412
9 9 -48.739519 0.246706 0.229094
9 10 -55.516538 0.333774 0.236924
9 11 -62.338548 0.497675 0.194656
9 12 -66.689499 0.874418 -0.134656
9 13 -54.609490 0.313128 -0.381525
9 14 -44.790580 0.224548 -0.324842
9 15 -35.964067 0.165013 -0.298101
9 16 -27.680071 0.119645 -0.282852
9 17 -19.728842 0.081819 -0.273427
9 18 -11.985802 0.048123 -0.267723
9 19 -4.361955 0.016512 -0.264842
9 20 3.215718 -0.014485 -0.264398
9 21 10.814067 -0.046188 -0.266288
9 22 18.500193 -0.080106 -0.270613
9 23 26.346823 -0.118385 -0.277645
9 24 34.436549 -0.164682 -0.287651
9 25 42.857539 -0.226259 -0.299857
9 26 51.647845 -0.319807 -0.306747
9 27 60.464332 -0.489704 -0.264291
9 28 66.817736 -0.871473 0.063356
9 29 56.827811 -0.319822 0.308525
9 30 49.108885 -0.238811 0.251206
9 31 42.408995 -0.186913 0.223287
9 32 36.292569 -0.149437 0.206363
9 33 30.564110 -0.119936 0.194752
9 34 25.114113 -0.095212 0.186311
9 35 19.870181 -0.073499 0.180071
9 36 14.778319 -0.053731 0.175540
9 37 9.794481 -0.035208 0.172446
9 38 4.880192 -0.017429 0.170640
9 39 0.000000 0.000000 0.085023
10 0 0.000000 0.000000 0.000000
10 1 -5.408070 0.016441 0.189180
10 2 -10.858625 0.033188 0.191440
10 3 -16.396423 0.050583 0.195350
10 4 -22.071383 0.069046 0.201164
10 5 -27.942921 0.089146 0.209344
10 6 -34.087381 0.111714 0.220726
10 7 -40.612232 0.138061 0.236928
10 8 -47.686649 0.170440 0.261425
10 9 -55.617568 0.213099 0.302908
10 10 -65.073064 0.275003 0.387456
10 11 -77.856903 0.377667 0.608501
10 12 -100.000000 0.000000 0.000000
10 13 -62.465341 0.229112 -0.858238
10 14 -50.738578 0.182569 -0.383930
10 15 -40.428371 0.141105 -0.344808
10 16 -30.947190 0.105006 -0.321538
10 17 -21.972637 0.072792 -0.307328
10 18 -13.307044 0.043049 -0.298966
10 19 -4.812490 0.014631 -0.294928
10 20 3.621353 -0.013433 -0.294582
10 21 12.096003 -0.042090 -0.297880
10 22 20.719154 -0.072436 -0.305358
10 23 29.623034 -0.105969 -0.318444
10 24 38.997331 -0.145075 -0.340488
10 25 49.166467 -0.194094 -0.380076
10 26 60.813065 -0.262033 -0.463142
10 27 75.750057 -0.370369 -0.682719
10 28 100.000000 0.000000 0.000000
10 29 64.871035 -0.235474 0.776100
10 30 55.453145 -0.195865 0.302960
10 31 47.481602 -0.161469 0.262477
10 32 40.387384 -0.132686 0.237195
10 33 33.867028 -0.108174 0.220280
10 34 27.743650 -0.086691 0.208429
10 35 21.903550 -0.067318 0.199958
10 36 16.266372 -0.049395 0.193967
10 37 10.770169 -0.032440 0.189953
10 38 5.363362 -0.016079 0.187639
10 39 0.000000 0.000000 0.093441
11 0 0.000000 0.000000 0.000000
11 1 -5.858683 0.014829 0.205015
11 2 -11.767497 0.029871 0.207687
11 3 -17.779556 0.045354 0.212327
11 4 -23.954697 0.061528 0.219264
11 5 -30.364924 0.078677 0.229077
11 6 -37.103315 0.097110 0.242773
11 7 -44.299718 0.117098 0.262143
11 8 -52.149909 0.138603 0.290450
11 9 -60.971064 0.160248 0.333657
11 10 -71.301254 0.175473 0.401491
11 11 -84.016004 0.157652 0.499993
11 12 -100.000000 0.000000 0.000000
11 13 -67.760124 0.151705 -0.779296
11 14 -55.269719 0.135509 -0.412849
11 15 -44.063267 0.111832 -0.375664
11 16 -33.707235 0.086481 -0.351165
11 17 -23.906977 0.061294 -0.335384
11 18 -14.456720 0.036647 -0.325884
11 19 -5.201773 0.012397 -0.321324
11 20 3.986722 -0.011787 -0.321120
11 21 13.229961 -0.036304 -0.325291
11 22 22.657872 -0.061578 -0.334492
11 23 32.429261 -0.087980 -0.350285
11 24 42.763642 -0.115557 -0.375777
11 25 53.998219 -0.143009 -0.416814
11 26 66.688080 -0.163859 -0.483022
11 27 81.722893 -0.151632 -0.580364
11 28 100.000000 0.000000 0.000000
11 29 70.343641 -0.157668 0.690765
11 30 60.351220 -0.147705 0.325211
11 31 51.677055 -0.130412 0.286467
11 32 43.908502 -0.111662 0.259658
11 33 36.773121 -0.093383 0.240747
11 34 30.090045 -0.076061 0.227167
11 35 23.734110 -0.059686 0.217367
11 36 17.613531 -0.044093 0.210417
11 37 11.656512 -0.029080 0.205762
11 38 5.803104 -0.014446 0.203081
11 39 0.000000 0.000000 0.101102
12 0 0.000000 0.000000 0.000000
12 1 -6.259203 0.013002 0.219051
12 2 -12.573179 0.026114 0.221966
12 3 -18.999680 0.039435 0.227007
12 4 -25.603006 0.053036 0.234487
12 5 -32.458844 0.066923 0.244925
12 6 -39.661318 0.080950 0.259148
12 7 -47.333485 0.094619 0.278422
12 8 -55.642260 0.106627 0.304575
12 9 -64.815560 0.113818 0.339777
12 10 -75.144906 0.108988 0.384860
12 11 -86.905866 0.077468 0.433028
12 12 -100.000000 0.000000 0.000000
12 13 -71.172932 0.097596 -0.722728
12 14 -58.516597 0.095932 -0.423803
12 15 -46.847353 0.084233 -0.393836
12 16 -35.911048 0.067791 -0.372076
12 17 -25.490806 0.049255 -0.357162
12 18 -15.410541 0.029850 -0.347863
12 19 -5.524045 0.010095 -0.343363
12 20 4.297904 -0.009809 -0.343282
12 21 14.179783 -0.029761 -0.347670
12 22 24.253604 -0.049591 -0.357034
12 23 34.672933 -0.068816 -0.372424
12 24 45.630121 -0.086164 -0.395517
12 25 57.374964 -0.098526 -0.428378
12 26 70.218314 -0.098763 -0.471765
12 27 84.453494 -0.072301 -0.518860
12 28 100.000000 0.000000 0.000000
12 29 73.920906 -0.103031 0.628394
12 30 63.931193 -0.106876 0.330216
12 31 54.967056 -0.100812 0.298521
12 32 46.796609 -0.090168 0.274224
12 33 39.227061 -0.077635 0.255882
12 34 32.109432 -0.064484 0.242126
12 35 25.329424 -0.051272 0.231927
12 36 18.797212 -0.038209 0.224573
12 37 12.439293 -0.025339 0.219600
12 38 6.192558 -0.012627 0.216719
12 39 0.000000 0.000000 0.107887
13 0 0.000000 0.000000 0.000000
13 1 -6.604988 0.011066 0.231129
13 2 -13.266399 0.022148 0.234119
13 3 -20.043054 0.033235 0.239249
13 4 -26.998889 0.044258 0.246752
13 5 -34.206220 0.055031 0.256990
13 6 -41.749714 0.065148 0.270469
13 7 -49.730720 0.073802 0.287821
13 8 -58.270147 0.079469 0.309649
13 9 -67.504057 0.079411 0.336017
13 10 -77.556971 0.069192 0.365141
13 11 -88.462563 0.043234 0.391005
13 12 -100.000000 0.000000 0.000000
13 13 -73.362000 0.062833 -0.683363
13 14 -60.776069 0.066390 -0.426213
13 15 -48.898103 0.061376 -0.403805
13 16 -37.598327 0.051195 -0.386143
13 17 -26.734136 0.038085 -0.373326
13 18 -16.170036 0.023401 -0.365044
13 19 -5.781197 0.007941 -0.360982
13 20 4.549723 -0.007782 -0.360976
13 21 14.938204 -0.023341 -0.365073
13 22 25.504329 -0.038211 -0.373547
13 23 36.379183 -0.051529 -0.386857
13 24 47.709309 -0.061756 -0.405487
13 25 59.653469 -0.066170 -0.429413
13 26 72.356887 -0.060364 -0.456796
13 27 85.872824 -0.038807 -0.481601
13 28 100.000000 0.000000 0.000000
13 29 76.257444 -0.067631 0.583889
13 30 66.485737 -0.075956 0.327430
13 31 57.463525 -0.075794 0.303175
13 32 49.083971 -0.070561 0.282836
13 33 41.229232 -0.062504 0.266430
13 34 33.791329 -0.052968 0.253530
13 35 26.677052 -0.042710 0.243642
13 36 19.806682 -0.032133 0.236350
13 37 13.110940 -0.021441 0.231345
13 38 6.527853 -0.010721 0.228420
13 39 0.000000 0.000000 0.113729
14 0 0.000000 0.000000 0.000000
14 1 -6.894389 0.009115 0.241199
14 2 -13.844437 0.018176 0.244135
14 3 -20.907329 0.027100 0.249117
14 4 -28.143366 0.035731 0.256283
14 5 -35.617528 0.043794 0.265815
14 6 -43.400689 0.050808 0.277919
14 7 -51.569617 0.055974 0.292742
14 8 -60.203621 0.058034 0.310183
14 9 -69.373599 0.055164 0.329500
14 10 -79.116390 0.045134 0.348683
14 11 -89.387427 0.026276 0.363836
14 12 -100.000000 0.000000 0.000000
14 13 -74.779420 0.040848 -0.656338
14 14 -62.327258 0.045418 -0.425259
14 15 -50.370257 0.043688 -0.409031
14 16 -38.849543 0.037526 -0.395367
14 17 -27.676844 0.028491 -0.384956
14 18 -16.753703 0.017727 -0.378007
14 19 -5.979847 0.006050 -0.374545
14 20 4.744556 -0.005918 -0.374564
14 21 15.519532 -0.017612 -0.378099
14 22 26.446829 -0.028381 -0.385221
14 23 37.630604 -0.037333 -0.395969
14 24 49.174822 -0.043162 -0.410158
14 25 61.172985 -0.044032 -0.426986
14 26 73.683106 -0.037716 -0.444403
14 27 86.680970 -0.022565 -0.458496
14 28 100.000000 0.000000 0.000000
14 29 77.802833 -0.044942 0.552439
14 30 68.290927 -0.053522 0.322054
14 31 59.317485 -0.055846 0.303916
14 32 50.846670 -0.053777 0.287513
14 33 42.814712 -0.048854 0.273474
14 34 35.149728 -0.042175 0.261921
14 35 27.780881 -0.034464 0.252762
14 36 20.641605 -0.026173 0.245842
14 37 13.669980 -0.017571 0.241012
14 38 6.807929 -0.008816 0.238160
14 39 0.000000 0.000000 0.118608
15 0 0.000000 0.000000 0.000000
15 1 -7.128174 0.007217 0.249305
15 2 -14.309698 0.014343 0.252104
15 3 -21.598541 0.021256 0.256804
15 4 -29.049815 0.027773 0.263446
15 5 -36.719935 0.033607 0.272067
15 6 -44.665996 0.038315 0.282649
15 7 -52.943525 0.041251 0.295047
15 8 -61.601195 0.041529 0.308839
15 9 -70.670383 0.038078 0.323117
15 10 -80.147597 0.029905 0.336253
15 11 -89.970766 0.016736 0.345871
15 12 -100.000000 0.000000 0.000000
15 13 -75.706633 0.026738 -0.637946
15 14 -63.382966 0.030744 -0.423373
15 15 -51.405713 0.030431 -0.411697
15 16 -39.752259 0.026731 -0.401340
15 17 -28.369453 0.020624 -0.393125
15 18 -17.187512 0.012965 -0.387485
15 19 -6.128453 0.004450 -0.384626
15 20 4.889400 -0.004328 -0.384637
15 21 15.949095 -0.012807 -0.387537
15 22 27.133359 -0.020369 -0.393268
15 23 38.522022 -0.026259 -0.401639
15 24 50.186752 -0.029529 -0.412186
15 25 62.180810 -0.029078 -0.423967
15 26 74.521745 -0.023905 -0.435330
15 27 87.168005 -0.013735 -0.443885
15 28 100.000000 0.000000 0.000000
15 29 78.837036 -0.030089 0.530367
15 30 69.557787 -0.037343 0.316526
15 31 60.668965 -0.040290 0.302920
15 32 52.170660 -0.039846 0.289827
15 33 44.033360 -0.036959 0.278031
15 34 36.212118 -0.032414 0.267919
15 35 28.655246 -0.026800 0.259644
15 36 21.308954 -0.020522 0.253243
15 37 14.119495 -0.013854 0.248701
15 38 7.033901 -0.006974 0.245991
15 39 0.000000 0.000000 0.122545
16 0 0.000000 0.000000 0.000000
16 1 -7.308653 0.005411 0.255542
16 2 -14.667707 0.010722 0.258174
16 3 -22.127407 0.015809 0.262548
16 4 -29.737514 0.020499 0.268633
16 5 -37.546505 0.024544 0.276357
16 6 -45.599933 0.027596 0.285564
16 7 -53.937384 0.029188 0.295956
16 8 -62.587326 0.028754 0.307009
16 9 -71.559198 0.025713 0.317876
16 10 -80.832883 0.019672 0.327341
16 11 -90.348053 0.010764 0.333931
16 12 -100.000000 0.000000 0.000000
16 13 -76.314160 0.017391 -0.625594
16 14 -64.091935 0.020390 -0.421566
16 15 -52.116954 0.020562 -0.413045
16 16 -40.383840 0.018341 -0.405174
16 17 -28.860654 0.014312 -0.398722
16 18 -17.497858 0.009058 -0.394182
16 19 -6.235260 0.003113 -0.391838
16 20 4.992987 -0.003038 -0.391821
16 21 16.254647 -0.008920 -0.394140
16 22 27.615999 -0.014030 -0.398673
16 23 39.137818 -0.017805 -0.405129
16 24 50.869717 -0.019615 -0.412977
16 25 62.842023 -0.018847 -0.421362
16 26 75.055221 -0.015091 -0.429060
16 27 87.469361 -0.008472 -0.434591
16 28 100.000000 0.000000 0.000000
16 29 79.529878 -0.019982 0.515096
16 30 70.434353 -0.025471 0.311852
16 31 61.630073 -0.028125 0.301412
16 32 53.133793 -0.028360 0.290844
16 33 44.936087 -0.026720 0.280906
16 34 37.010265 -0.023724 0.272080
16 35 29.319135 -0.019797 0.264654
16 36 21.819549 -0.015262 0.258787
16 37 14.465192 -0.010350 0.254560
16 38 7.208197 -0.005223 0.252014
16 39 0.000000 0.000000 0.125582
17 0 0.000000 0.000000 0.000000
17 1 -7.438774 0.003706 0.260027
17 2 -14.925139 0.007326 0.262502
17 3 -22.505954 0.010759 0.266581
17 4 -30.226429 0.013870 0.272182
17 5 -38.128743 0.016476 0.279163
17 6 -46.249949 0.018336 0.287292
17 7 -54.618844 0.019149 0.296205
17 8 -63.251607 0.018585 0.305364
17 9 -72.146258 0.016348 0.314035
17 10 -81.276721 0.012306 0.321304
17 11 -90.588576 0.006646 0.326199
17 12 -100.000000 0.000000 0.000000
17 13 -76.704836 0.010903 -0.617555
17 14 -64.553335 0.012864 -0.420202
17 15 -52.585912 0.013084 -0.413746
17 16 -40.805000 0.011760 -0.407590
17 17 -29.190917 0.009223 -0.402408
17 18 -17.707422 0.005843 -0.398684
17 19 -6.307120 0.001981 -0.396722
17 20 5.063753 -0.002015 -0.396670
17 21 16.461068 -0.005803 -0.398529
17 22 27.938683 -0.009028 -0.402153
17 23 39.543977 -0.011314 -0.407223
17 24 51.312636 -0.012281 -0.413228
17 25 63.262610 -0.011605 -0.419442
17 26 75.387917 -0.009138 -0.424954
17 27 87.654273 -0.005061 -0.428794
17 28 100.000000 0.000000 0.000000
17 29 79.983998 -0.012734 0.504896
17 30 71.019805 -0.016435 0.308383
17 31 62.283320 -0.018380 0.300031
17 32 53.798496 -0.018749 0.291232
17 33 45.567070 -0.017839 0.282668
17 34 37.573842 -0.015964 0.274842
17 35 29.791585 -0.013403 0.268106
17 36 22.184991 -0.010380 0.262691
17 37 14.713577 -0.007061 0.258741
17 38 7.333710 -0.003570 0.256341
17 39 0.000000 0.000000 0.127769
18 0 0.000000 0.000000 0.000000
18 1 -7.521346 0.002085 0.262868
18 2 -15.088190 0.004116 0.265227
18 3 -22.744930 0.006030 0.269092
18 4 -30.533603 0.007745 0.274350
18 5 -38.492196 0.009154 0.280823
18 6 -46.652379 0.010122 0.288237
18 7 -55.036529 0.010489 0.296205
18 8 -63.654081 0.010089 0.304208
18 9 -72.497565 0.008790 0.311596
18 10 -81.539202 0.006556 0.317639
18 11 -90.729543 0.003516 0.321626
18 12 -100.000000 0.000000 0.000000
18 13 -76.939999 0.006088 -0.612730
18 14 -64.830330 0.007080 -0.419386
18 15 -52.867943 0.007149 -0.414149
18 16 -41.058837 0.006392 -0.409034
18 17 -29.390043 0.004978 -0.404639
18 18 -17.833208 0.003108 -0.401424
18 19 -6.348951 0.000983 -0.399696
18 20 5.108667 -0.001201 -0.399606
18 21 16.587750 -0.003250 -0.401153
18 22 28.134199 -0.004965 -0.404183
18 23 39.787214 -0.006142 -0.408381
18 24 51.574601 -0.006588 -0.413268
18 25 63.508131 -0.006154 -0.418220
18 26 75.579727 -0.004795 -0.422516
18 27 87.759867 -0.002635 -0.425453
18 28 100.000000 0.000000 0.000000
18 29 80.260805 -0.007162 0.498661
18 30 71.377679 -0.009153 0.306207
18 31 62.685046 -0.010210 0.299098
18 32 54.209942 -0.010416 0.291386
18 33 45.959992 -0.009921 0.283691
18 34 37.926571 -0.008890 0.276515
18 35 30.088474 -0.007473 0.270238
18 36 22.415331 -0.005793 0.265130
18 37 14.870461 -0.003943 0.261371
18 38 7.413083 -0.001994 0.259075
18 39 0.000000 0.000000 0.129151
19 0 0.000000 0.000000 0.000000
19 1 -7.558466 0.000519 0.264144
19 2 -15.161413 0.001025 0.266447
19 3 -22.852061 0.001500 0.270209
19 4 -30.670957 0.001925 0.275306
19 5 -38.654163 0.002273 0.281541
19 6 -46.830946 0.002510 0.288628
19 7 -55.220908 0.002596 0.296171
19 8 -63.830701 0.002492 0.303665
19 9 -72.650779 0.002166 0.310502
19 10 -81.653018 0.001612 0.316030
19 11 -90.790407 0.000863 0.319643
19 12 -100.000000 0.000000 0.000000
19 13 -77.054294 0.002151 -0.610475
19 14 -64.959718 0.002218 -0.419141
19 15 -52.996274 0.002042 -0.414434
19 16 -41.171869 0.001679 -0.409761
19 17 -29.476660 0.001190 -0.405692
19 18 -17.885834 0.000629 -0.402679
19 19 -6.363546 0.000045 -0.401031
19 20 5.132706 -0.000523 -0.400903
19 21 16.647626 -0.001031 -0.402293
19 22 28.223661 -0.001439 -0.405045
19 23 39.896524 -0.001702 -0.408847
19 24 51.690782 -0.001775 -0.413241
19 25 63.615852 -0.001629 -0.417649
19 26 75.663154 -0.001254 -0.421435
19 27 87.805522 -0.000684 -0.423999
19 28 100.000000 0.000000 0.000000
19 29 80.395092 -0.002472 0.495743
19 30 71.545187 -0.002806 0.305335
19 31 62.869382 -0.002892 0.298768
19 32 54.396376 -0.002785 0.291522
19 33 46.136520 -0.002539 0.284194
19 34 38.084100 -0.002201 0.277290
19 35 30.220510 -0.001805 0.271203
19 36 22.517475 -0.001375 0.266220
19 37 14.939900 -0.000925 0.262539
19 38 7.448177 -0.000464 0.260284
19 39 0.000000 0.000000 0.129763
20 0 0.000000 0.000000 0.000000
20 1 -7.551150 -0.001033 0.263893
20 2 -15.147002 -0.002037 0.266208
20 3 -22.831032 -0.002979 0.269992
20 4 -30.644100 -0.003817 0.275123
20 5 -38.622657 -0.004497 0.281408
20 6 -46.796437 -0.004952 0.288560
20 7 -55.185549 -0.005106 0.296188
20 8 -63.797115 -0.004884 0.303778
20 9 -72.621890 -0.004230 0.310716
20 10 -81.631719 -0.003138 0.316336
20 11 -90.779077 -0.001676 0.320014
20 12 -100.000000 0.000000 0.000000
20 13 -77.063465 -0.001510 -0.610511
20 14 -64.957647 -0.002400 -0.419495
20 15 -52.985148 -0.002879 -0.414688
20 16 -41.155214 -0.002907 -0.409886
20 17 -29.458347 -0.002527 -0.405689
20 18 -17.869337 -0.001825 -0.402570
20 19 -6.351508 -0.000912 -0.400848
20 20 5.138665 0.000098 -0.400681
20 21 16.646946 0.001087 -0.402070
20 22 28.216804 0.001941 -0.404854
20 23 39.884880 0.002551 -0.408717
20 24 51.676510 0.002816 -0.413195
20 25 63.601606 0.002669 -0.417698
20 26 75.651678 0.002093 -0.421572
20 27 87.799119 0.001153 -0.424199
20 28 100.000000 0.000000 0.000000
20 29 80.402705 0.001940 0.495855
20 30 71.538722 0.003295 0.305787
20 31 62.851057 0.004232 0.299119
20 32 54.369802 0.004708 0.291739
20 33 46.105746 0.004750 0.284274
20 34 38.052922 0.004429 0.277249
20 35 30.192092 0.003828 0.271065
20 36 22.494235 0.003024 0.266010
20 37 14.923533 0.002084 0.262281
20 38 7.439741 0.001061 0.259999
20 39 0.000000 0.000000 0.129616
21 0 0.000000 0.000000 0.000000
21 1 -7.499173 -0.002614 0.262106
21 2 -15.044479 -0.005161 0.264500
21 3 -22.681052 -0.007563 0.268429
21 4 -30.451850 -0.009718 0.273788
21 5 -38.396031 -0.011492 0.280406
21 6 -46.546697 -0.012715 0.288019
21 7 -54.927826 -0.013185 0.296240
21 8 -63.550395 -0.012690 0.304542
21 9 -72.408007 -0.011063 0.312248
21 10 -81.472927 -0.008256 0.318584
21 11 -90.694196 -0.004430 0.322781
21 12 -100.000000 0.000000 0.000000
21 13 -76.967597 -0.005448 -0.612876
21 14 -64.821935 -0.007431 -0.420510
21 15 -52.831044 -0.008249 -0.414941
21 16 -41.005002 -0.007902 -0.409409
21 17 -29.331634 -0.006564 -0.404610
21 18 -17.781081 -0.004491 -0.401064
21 19 -6.311220 -0.001964 -0.399109
21 20 5.127100 0.000738 -0.398905
21 21 16.585244 0.003340 -0.400449
21 22 28.112235 0.005567 -0.403581
21 23 39.750124 0.007146 -0.407972
21 24 51.529127 0.007821 -0.413122
21 25 63.462647 0.007395 -0.418372
21 26 75.542993 0.005805 -0.422951
21 27 87.739331 0.003203 -0.426093
21 28 100.000000 0.000000 0.000000
21 29 80.283724 0.006630 0.499038
21 30 71.356068 0.009813 0.307627
21 31 62.626461 0.011819 0.300181
21 32 54.126169 0.012633 0.292039
21 33 45.863877 0.012403 0.283916
21 34 37.829871 0.011340 0.276368
21 35 30.000805 0.009663 0.269798
21 36 22.343917 0.007558 0.264476
21 37 14.820303 0.005174 0.260576
21 38 7.387272 0.002625 0.258201
21 39 0.000000 0.000000 0.128702
22 0 0.000000 0.000000 0.000000
22 1 -7.401106 -0.004262 0.258731
22 2 -14.850755 -0.008431 0.261259
22 3 -22.396931 -0.012393 0.265435
22 4 -30.086311 -0.015999 0.271194
22 5 -37.963021 -0.019039 0.278410
22 6 -46.066593 -0.021232 0.286868
22 7 -54.428753 -0.022228 0.296213
22 8 -63.068708 -0.021630 0.305899
22 9 -71.986871 -0.019077 0.315150
22 10 -81.157818 -0.014394 0.322970
22 11 -90.524792 -0.007788 0.328270
22 12 -100.000000 0.000000 0.000000
22 13 -76.750776 -0.010294 -0.617942
22 14 -64.531132 -0.013626 -0.422296
22 15 -52.511680 -0.014783 -0.415160
22 16 -40.701632 -0.013889 -0.408202
22 17 -29.081567 -0.011337 -0.402278
22 18 -17.611560 -0.007611 -0.397969
22 19 -6.238803 -0.003190 -0.395619
22 20 5.096290 0.001479 -0.395378
22 21 16.455249 0.005967 -0.397241
22 22 27.897269 0.009841 -0.401047
22 23 39.474692 0.012647 -0.406463
22 24 51.227582 0.013927 -0.412946
22 25 63.177126 0.013286 -0.419714
22 26 75.318474 0.010529 -0.425764
22 27 87.615266 0.005854 -0.430004
22 28 100.000000 0.000000 0.000000
22 29 80.022136 0.012233 0.505668
22 30 70.975491 0.017507 0.310975
22 31 62.172691 0.020596 0.301939
22 32 53.644680 0.021604 0.292323
22 33 45.393860 0.020887 0.282982
22 34 37.402002 0.018867 0.274510
22 35 29.637441 0.015926 0.267283
22 36 22.060404 0.012372 0.261522
22 37 14.626537 0.008430 0.257348
22 38 7.289058 0.004265 0.254825
22 39 0.000000 0.000000 0.126991
23 0 0.000000 0.000000 0.000000
23 1 -7.254537 -0.006003 0.253676
23 2 -14.560567 -0.011906 0.256369
23 3 -21.969686 -0.017581 0.260861
23 4 -29.533534 -0.022846 0.267143
23 5 -37.303245 -0.027431 0.275173
23 6 -45.327992 -0.030948 0.284829
23 7 -53.651971 -0.032865 0.295843
23 8 -62.308884 -0.032523 0.307692
23 9 -71.313006 -0.029222 0.319484
23 10 -80.646717 -0.022456 0.329873
23 11 -90.247164 -0.012328 0.337175
23 12 -100.000000 0.000000 0.000000
23 13 -76.376747 -0.016942 -0.626502
23 14 -64.039819 -0.021996 -0.424999
23 15 -51.982504 -0.023369 -0.415204
23 16 -40.207800 -0.021533 -0.405963
23 17 -28.680908 -0.017284 -0.398332
23 18 -17.344220 -0.011426 -0.392917
23 19 -6.128141 -0.004663 -0.390018
23 20 5.042188 0.002402 -0.389748
23 21 16.242739 0.009209 -0.392088
23 22 27.547399 0.015182 -0.396901
23 23 39.024224 0.019673 -0.403885
23 24 50.729736 0.021955 -0.412483
23 25 62.700060 0.021293 -0.421771
23 26 74.938669 0.017169 -0.430383
23 27 87.403311 0.009685 -0.436621
23 28 100.000000 0.000000 0.000000
23 29 79.581577 0.019639 0.516544
23 30 70.351200 0.027386 0.315990
23 31 61.444272 0.031456 0.304278
23 32 52.886144 0.032299 0.292330
23 33 44.665017 0.030674 0.281179
23 34 36.746961 0.027313 0.271408
23 35 29.086656 0.022804 0.263303
23 36 21.633797 0.017572 0.256980
23 37 14.336431 0.011909 0.252470
23 38 7.142439 0.006007 0.249771
23 39 0.000000 0.000000 0.124436
24 0 0.000000 0.000000 0.000000
24 1 -7.056516 -0.007846 0.246825
24 2 -14.167349 -0.015610 0.249681
24 3 -21.387788 -0.023180 0.254496
24 4 -28.774983 -0.030373 0.261344
24 5 -36.388524 -0.036892 0.270309
24 6 -44.290250 -0.042262 0.281433
24 7 -52.542334 -0.045763 0.294637
24 8 -61.201918 -0.046377 0.309543
24 9 -70.309601 -0.042830 0.325218
24 10 -79.868909 -0.033878 0.339863
24 11 -89.817157 -0.019070 0.350726
24 12 -100.000000 0.000000 0.000000
24 13 -75.778327 -0.026871 -0.639939
24 14 -63.268580 -0.034048 -0.428723
24 15 -51.170318 -0.035165 -0.414696
24 16 -39.465685 -0.031589 -0.402116
24 17 -28.089519 -0.024838 -0.392171
24 18 -16.955713 -0.016147 -0.385348
24 19 -5.971155 -0.006438 -0.381790
24 20 4.958431 0.003582 -0.381506
24 21 15.926660 0.013286 -0.384461
24 22 27.025858 0.022005 -0.390583
24 23 38.345499 0.028909 -0.399690
24 24 49.967428 0.032926 -0.411327
24 25 61.954967 0.032761 -0.424499
24 26 74.332991 0.027171 -0.437371
24 27 87.059364 0.015717 -0.447173
24 28 100.000000 0.000000 0.000000
24 29 78.894910 0.030316 0.533054
24 30 69.403591 0.040942 0.322792
24 31 60.367197 0.045541 0.306853
24 32 51.790754 0.045464 0.291541
24 33 43.633244 0.042196 0.277995
24 34 35.834296 0.036907 0.266640
24 35 28.328531 0.030404 0.257543
24 36 21.051776 0.023205 0.250626
24 37 13.942999 0.015625 0.245782
24 38 6.944284 0.007853 0.242916
24 39 0.000000 0.000000 0.120984
25 0 0.000000 0.000000 0.000000
25 1 -6.804212 -0.009769 0.238066
25 2 -13.664584 -0.019508 0.241035
25 3 -20.639208 -0.029155 0.246097
25 4 -27.790167 -0.038575 0.253431
25 5 -35.185705 -0.047502 0.263284
25 6 -42.902233 -0.055445 0.275959
25 7 -51.025272 -0.061546 0.291728
25 8 -59.646913 -0.064392 0.310625
25 9 -68.854619 -0.061845 0.331983
25 10 -78.702187 -0.051155 0.353633
25 11 -89.152566 -0.030075 0.371053
25 12 -100.000000 0.000000 0.000000
25 13 -74.834416 -0.042856 -0.660550
25 14 -62.085547 -0.052158 -0.433293
25 15 -49.964109 -0.051653 -0.412745
25 16 -38.394641 -0.044821 -0.395636
25 17 -27.255253 -0.034332 -0.382890
25 18 -16.417408 -0.021886 -0.374516
25 19 -5.758635 -0.008522 -0.370289
25 20 4.836589 0.005078 -0.370024
25 21 15.480143 0.018349 -0.373665
25 22 26.284359 0.030643 -0.381279
25 23 37.364912 0.041032 -0.392964
25 24 48.839855 0.048079 -0.408631
25 25 60.819649 0.049654 -0.427526
25 26 73.379120 0.043036 -0.447427
25 27 86.501206 0.026011 -0.463792
25 28 100.000000 0.000000 0.000000
25 29 77.841487 0.047020 0.557487
25 30 68.001193 0.060526 0.331215
25 31 58.830318 0.064301 0.308800
25 32 50.276580 0.061821 0.288985
25 33 42.243050 0.055738 0.272621
25 34 34.628575 0.047714 0.259616
25 35 27.341501 0.038701 0.249602
25 36 20.301854 0.029219 0.242201
25 37 13.439555 0.019535 0.237117
25 38 6.691714 0.009778 0.234145
25 39 0.000000 0.000000 0.116584
26 0 0.000000 0.000000 0.000000
26 1 -6.495784 -0.011723 0.227317
26 2 -13.047621 -0.023499 0.230295
26 3 -19.714358 -0.035356 0.235429
26 4 -26.560850 -0.047270 0.242997
26 5 -33.661973 -0.059097 0.253438
26 6 -41.107781 -0.070471 0.267389
26 7 -49.009676 -0.080585 0.285690
26 8 -57.505899 -0.087802 0.309245
26 9 -66.759815 -0.089001 0.338455
26 10 -76.932679 -0.078824 0.371633
26 11 -88.090925 -0.050073 0.401881
26 12 -100.000000 0.000000 0.000000
26 13 -73.318479 -0.070752 -0.692097
26 14 -60.274779 -0.080077 -0.437520
26 15 -48.205543 -0.074467 -0.407359
26 16 -36.893061 -0.061708 -0.384795
26 17 -26.118941 -0.045782 -0.369237
26 18 -15.699492 -0.028543 -0.359539
26 19 -5.482014 -0.010841 -0.354826
26 20 4.666961 0.006904 -0.354636
26 21 14.873486 0.024387 -0.358896
26 22 25.267004 0.041187 -0.367900
26 23 35.990354 0.056496 -0.382254
26 24 47.207777 0.068704 -0.402704
26 25 59.104908 0.074740 -0.429542
26 26 71.862794 0.069309 -0.461015
26 27 85.566395 0.045290 -0.490209
26 28 100.000000 0.000000 0.000000
26 29 76.196030 0.075565 0.593579
26 30 65.929517 0.089840 0.340072
26 31 56.676454 0.089315 0.308148
26 32 48.242352 0.081779 0.282979
26 33 40.433946 0.071223 0.263889
26 34 33.095583 0.059510 0.249603
26 35 26.107153 0.047467 0.239047
26 36 19.374665 0.035433 0.231461
26 37 12.821701 0.023519 0.226342
26 38 6.383035 0.011725 0.223381
26 39 0.000000 0.000000 0.111206
27 0 0.000000 0.000000 0.000000
27 1 -6.131334 -0.013624 0.214567
27 2 -12.315808 -0.027407 0.217401
27 3 -18.609817 -0.041502 0.222326
27 4 -25.076970 -0.056050 0.229690
27 5 -31.793630 -0.071146 0.240082
27 6 -38.857308 -0.086757 0.254470
27 7 -46.399810 -0.102522 0.274397
27 8 -54.607239 -0.117228 0.302209
27 9 -63.746097 -0.127534 0.340960
27 10 -74.177805 -0.125068 0.392561
27 11 -86.278461 -0.091393 0.449877
27 12 -100.000000 0.000000 0.000000
27 13 -70.773367 -0.124458 -0.740627
27 14 -57.489248 -0.122932 -0.437008
27 15 -45.689847 -0.104428 -0.394377
27 16 -34.852678 -0.081765 -0.366951
27 17 -24.627467 -0.058543 -0.349724
27 18 -14.779083 -0.035663 -0.339576
27 19 -5.136354 -0.013204 -0.334842
27 20 4.440317 0.008992 -0.334795
27 21 14.080346 0.031111 -0.339382
27 22 23.920290 0.053222 -0.349170
27 23 34.122136 0.075061 -0.365447
27 24 44.896333 0.095502 -0.390386
27 25 56.529672 0.111294 -0.426921
27 26 69.400914 0.114168 -0.476877
27 27 83.901636 0.085840 -0.533100
27 28 100.000000 0.000000 0.000000
27 29 73.504168 0.129768 0.647326
27 30 62.844538 0.133953 0.344964
27 31 53.703787 0.121340 0.300739
27 32 45.582588 0.104758 0.270893
27 33 38.154948 0.087865 0.250352
27 34 31.212789 0.071636 0.235860
27 35 24.616971 0.056223 0.225525
27 36 18.268032 0.041529 0.218253
27 37 12.089598 0.027383 0.213408
27 38 6.018743 0.013601 0.210626
27 39 0.000000 0.000000 0.104859
28 0 0.000000 0.000000 0.000000
28 1 -5.713771 -0.015367 0.199910
28 2 -11.474506 -0.031003 0.202417
28 3 -17.332186 -0.047196 0.206785
28 4 -23.343645 -0.064284 0.213354
28 5 -29.578331 -0.082678 0.222732
28 6 -36.128070 -0.102889 0.236013
28 7 -43.125066 -0.125519 0.255218
28 8 -50.777188 -0.151055 0.284233
28 9 -59.439549 -0.178841 0.330616
28 10 -69.753994 -0.202520 0.407774
28 11 -82.845114 -0.190432 0.526949
28 12 -100.000000 0.000000 0.000000
28 13 -66.174773 -0.241283 -0.815029
28 14 -53.218703 -0.182763 -0.417490
28 15 -42.211551 -0.138549 -0.366192
28 16 -32.199905 -0.102379 -0.338910
28 17 -22.758692 -0.070961 -0.323135
28 18 -13.652513 -0.042360 -0.314200
28 19 -4.724116 -0.015304 -0.310172
28 20 4.150833 0.011158 -0.310321
28 21 13.087789 0.037841 -0.314666
28 22 22.212133 0.065531 -0.323950
28 23 31.681977 0.095023 -0.339974
28 24 41.726092 0.126950 -0.366471
28 25 52.716795 0.160766 -0.410876
28 26 65.309721 0.190229 -0.486469
28 27 80.639295 0.183903 -0.604378
28 28 100.000000 0.000000 0.000000
28 29 68.747537 0.246745 0.727532
28 30 58.240840 0.194863 0.331644
28 31 49.711734 0.157334 0.278952
28 32 42.229427 0.128046 0.249504
28 33 35.390619 0.103844 0.230767
28 34 28.983787 0.082946 0.217961
28 35 22.880022 0.064262 0.208940
28 36 16.990973 0.047076 0.202620
28 37 11.249965 0.030883 0.198414
28 38 5.602354 0.015297 0.195998
28 39 0.000000 0.000000 0.097605
29 0 0.000000 0.000000 0.000000
29 1 -5.249272 -0.016842 0.183564
29 2 -10.536298 -0.034041 0.185572
29 3 -15.900825 -0.051996 0.189045
29 4 -21.387148 -0.071213 0.194208
29 5 -27.048033 -0.092394 0.201477
29 6 -32.951624 -0.116604 0.211630
29 7 -39.195234 -0.145609 0.226231
29 8 -45.936922 -0.182633 0.248887
29 9 -53.480927 -0.234255 0.289496
29 10 -62.553504 -0.315739 0.380970
29 11 -75.347992 -0.467815 0.652397
29 12 -100.000000 0.000000 0.000000
29 13 -56.924128 -0.330491 -0.923390
29 14 -46.998951 -0.228289 -0.334273
29 15 -37.737391 -0.164624 -0.313993
29 16 -28.976288 -0.118242 -0.299363
29 17 -20.554426 -0.080561 -0.289705
29 18 -12.347675 -0.047513 -0.283919
29 19 -4.257929 -0.016809 -0.281324
29 20 3.799839 0.013105 -0.281650
29 21 11.908326 0.043565 -0.285010
29 22 20.158926 0.076037 -0.291988
29 23 28.667951 0.112552 -0.304028
29 24 37.609605 0.156509 -0.324644
29 25 47.301965 0.214590 -0.363642
29 26 58.482061 0.302079 -0.453740
29 27 73.345899 0.459542 -0.723330
29 28 100.000000 0.000000 0.000000
29 29 59.341436 0.336256 0.842189
29 30 51.659726 0.241419 0.255554
29 31 44.673055 0.185088 0.233923
29 32 38.232936 0.146249 0.217403
29 33 32.194471 0.116519 0.205251
29 34 26.451852 0.092040 0.196278
29 35 20.928465 0.070801 0.189655
29 36 15.565955 0.051630 0.184874
29 37 10.316983 0.033775 0.181629
29 38 5.140726 0.016704 0.179744
29 39 0.000000 0.000000 0.089562
30 0 0.000000 0.000000 0.000000
30 1 -4.747040 -0.017962 0.165869
30 2 -9.520624 -0.036322 0.167264
30 3 -14.347711 -0.055533 0.169613
30 4 -19.256136 -0.076178 0.172955
30 5 -24.275071 -0.099081 0.177341
30 6 -29.435197 -0.125524 0.182798
30 7 -34.767347 -0.157681 0.189189
30 8 -40.294349 -0.199614 0.195587
30 9 -45.993724 -0.259806 0.197510
30 10 -51.631076 -0.358369 0.174214
30 11 -55.993317 -0.549992 0.027590
30 12 -53.214720 -1.004509 -0.153108
30 13 -47.205152 -0.319833 -0.228219
30 14 -40.115299 -0.235278 -0.251623
30 15 -32.762429 -0.173415 -0.256144
30 16 -25.413034 -0.125402 -0.254847
30 17 -18.134614 -0.085529 -0.252406
30 18 -10.925372 -0.050318 -0.250448
30 19 -3.759288 -0.017525 -0.249554
30 20 3.398601 0.014508 -0.249946
30 21 10.587210 0.047278 -0.251734
30 22 17.847728 0.082501 -0.254963
30 23 25.221692 0.122638 -0.259503
30 24 32.742758 0.171942 -0.264433
30 25 40.399683 0.239006 -0.265306
30 26 47.970867 0.343955 -0.241517
30 27 54.262350 0.541281 -0.095556
30 28 53.455613 1.000000 0.083893
30 29 49.447010 0.326386 0.158051
30 30 44.383760 0.249471 0.180476
30 31 39.088008 0.195347 0.183782
30 32 33.834963 0.155344 0.180935
30 33 28.702630 0.123942 0.176558
30 34 23.700820 0.097896 0.172243
30 35 18.816138 0.075273 0.168530
30 36 14.027478 0.054869 0.165594
30 37 9.311336 0.035883 0.163487
30 38 4.643581 0.017743 0.162223
30 39 0.000000 0.000000 0.080901
31 0 0.000000 0.000000 0.000000
31 1 -4.218285 -0.018683 0.147243
31 2 -8.451478 -0.037752 0.148001
31 3 -12.713294 -0.057638 0.149189
31 4 -17.014652 -0.078885 0.150660
31 5 -21.360951 -0.102228 0.152132
31 6 -25.746773 -0.128729 0.153030
31 7 -30.144621 -0.159976 0.152141
31 8 -34.479399 -0.198338 0.146762
31 9 -38.568517 -0.246985 0.130741
31 10 -41.983701 -0.307941 0.090784
31 11 -43.779377 -0.369275 0.006257
31 12 -42.342835 -0.338056 -0.090824
31 13 -38.566245 -0.278453 -0.154159
31 14 -33.494390 -0.219574 -0.187855
31 15 -27.783666 -0.168355 -0.204117
31 16 -21.778432 -0.124421 -0.211477
31 17 -15.645215 -0.085833 -0.214622
31 18 -9.459481 -0.050706 -0.215916
31 19 -3.252007 -0.017480 -0.216497
31 20 2.967092 0.015175 -0.216846
31 21 9.194620 0.048540 -0.217017
31 22 15.423501 0.084051 -0.216628
31 23 21.628714 0.123559 -0.214586
31 24 27.740396 0.169617 -0.208276
31 25 33.583441 0.225535 -0.191630
31 26 38.739629 0.293452 -0.151464
31 27 42.277249 0.361626 -0.067285
31 28 42.601649 0.337799 0.029092
31 29 40.607434 0.285831 0.091660
31 30 37.340494 0.234732 0.124516
31 31 33.460439 0.191487 0.139796
31 32 29.316448 0.155838 0.145998
31 33 25.080420 0.126008 0.147803
31 34 20.832790 0.100328 0.147609
31 35 16.607893 0.077528 0.146628
31 36 12.416561 0.056689 0.145484
31 37 8.257347 0.037145 0.144504
31 38 4.122278 0.018387 0.143860
31 39 0.000000 0.000000 0.071819
32 0 0.000000 0.000000 0.000000
32 1 -3.674638 -0.019020 0.128117
32 2 -7.353733 -0.038364 0.128309
32 3 -11.039364 -0.058383 0.128480
32 4 -14.728258 -0.079496 0.128366
32 5 -18.407334 -0.102218 0.127496
32 6 -22.046339 -0.127190 0.125049
32 7 -25.584968 -0.155158 0.119581
32 8 -28.910090 -0.186776 0.108579
32 9 -31.817201 -0.221855 0.087906
32 10 -33.955761 -0.257136 0.051924
32 11 -34.797540 -0.281111 -0.002525
32 12 -33.810839 -0.269388 -0.062287
32 13 -31.222391 -0.236349 -0.109737
32 14 -27.512092 -0.196210 -0.141525
32 15 -23.099108 -0.156010 -0.160991
32 16 -18.271471 -0.118093 -0.172325
32 17 -13.207958 -0.082674 -0.178691
32 18 -8.014930 -0.049191 -0.182096
32 19 -2.755941 -0.016864 -0.183672
32 20 2.527567 0.015134 -0.183926
32 21 7.801085 0.047657 -0.182858
32 22 13.023329 0.081606 -0.179945
32 23 18.129634 0.117928 -0.173937
32 24 23.007005 0.157434 -0.162456
32 25 27.454357 0.200065 -0.141471
32 26 31.127227 0.242691 -0.105426
32 27 33.505611 0.273972 -0.051209
32 28 34.066527 0.269753 0.008098
32 29 33.040795 0.244407 0.054984
32 30 30.910543 0.212139 0.086131
32 31 28.096991 0.180030 0.104888
32 32 24.890138 0.150512 0.115457
32 33 21.469961 0.123926 0.121049
32 34 17.942153 0.099881 0.123763
32 35 14.366183 0.077819 0.124891
32 36 10.773597 0.057216 0.125211
32 37 7.179256 0.037622 0.125185
32 38 3.588199 0.018659 0.125078
32 39 0.000000 0.000000 0.062514
33 0 0.000000 0.000000 0.000000
33 1 -3.126549 -0.019034 0.108879
33 2 -6.249472 -0.038299 0.108638
33 3 -9.362195 -0.058035 0.108056
33 4 -12.451703 -0.078499 0.106826
33 5 -15.493808 -0.099958 0.104438
33 6 -18.446291 -0.122654 0.100090
33 7 -21.238816 -0.146690 0.092555
33 8 -23.758768 -0.171753 0.080065
33 9 -25.834388 -0.196525 0.060381
33 10 -27.224522 -0.217636 0.031528
33 11 -27.644068 -0.228645 -0.005995
33 12 -26.880434 -0.222033 -0.046062
33 13 -25.000190 -0.201345 -0.080981
33 14 -22.232240 -0.172907 -0.107516
33 15 -18.828925 -0.141382 -0.126000
33 16 -15.000074 -0.109267 -0.138141
33 17 -10.899877 -0.077576 -0.145720
33 18 -6.635982 -0.046520 -0.150106
33 19 -2.284023 -0.015918 -0.152171
33 20 2.098405 0.014571 -0.152325
33 21 6.459194 0.045349 -0.150545
33 22 10.739454 0.076789 -0.146357
33 23 14.859826 0.109116 -0.138758
33 24 18.703949 0.142126 -0.126140
33 25 22.100045 0.174601 -0.106373
33 26 24.809574 0.203275 -0.077557
33 27 26.551682 0.221820 -0.040222
33 28 27.118277 0.222834 -0.000474
33 29 26.578884 0.209905 0.034046
33 30 25.164082 0.189387 0.060139
33 31 23.127018 0.165983 0.078169
33 32 20.677313 0.142254 0.089894
33 33 17.967269 0.119304 0.097172
33 34 15.099795 0.097450 0.101503
33 35 12.141182 0.076654 0.103964
33 36 9.132456 0.056734 0.105286
33 37 6.097921 0.037467 0.105947
33 38 3.051275 0.018628 0.106239
33 39 0.000000 0.000000 0.053160
34 0 0.000000 0.000000 0.000000
34 1 -2.582097 -0.018818 0.089818
34 2 -5.155426 -0.037764 0.089309
34 3 -7.708258 -0.056959 0.088280
34 4 -10.222568 -0.076506 0.086442
34 5 -12.669915 -0.096461 0.083341
34 6 -15.006202 -0.116779 0.078318
34 7 -17.165226 -0.137194 0.070482
34 8 -19.051749 -0.157022 0.058744
34 9 -20.537011 -0.174854 0.042023
34 10 -21.463793 -0.188239 0.019803
34 11 -21.673667 -0.193801 -0.006922
34 12 -21.066497 -0.188754 -0.034986
34 13 -19.665518 -0.174090 -0.060611
34 14 -17.587539 -0.152688 -0.081561
34 15 -14.984035 -0.127342 -0.097351
34 16 -11.999749 -0.100014 -0.108519
34 17 -8.755199 -0.071844 -0.115943
34 18 -5.344784 -0.043390 -0.120438
34 19 -1.842251 -0.014859 -0.122582
34 20 1.691211 0.013722 -0.122659
34 21 5.198156 0.042379 -0.120641
34 22 8.615784 0.071086 -0.116178
34 23 11.866568 0.099621 -0.108599
34 24 14.849204 0.127355 -0.096971
34 25 17.432564 0.152938 -0.080323
34 26 19.459588 0.173988 -0.058206
34 27 20.773492 0.187201 -0.031650
34 28 21.276223 0.189858 -0.003817
34 29 20.992575 0.182995 0.021537
34 30 20.040062 0.169520 0.042209
34 31 18.569847 0.152261 0.057756
34 32 16.724970 0.133220 0.068777
34 33 14.622135 0.113584 0.076244
34 34 12.348679 0.093963 0.081113
34 35 9.966378 0.074613 0.084175
34 36 7.517182 0.055598 0.086024
34 37 5.028732 0.036884 0.087079
34 38 2.518992 0.018386 0.087611
34 39 0.000000 0.000000 0.043886
35 0 0.000000 0.000000 0.000000
35 1 -2.046423 -0.018474 0.071115
35 2 -4.081890 -0.036980 0.070497
35 3 -6.092858 -0.055531 0.069314
35 4 -8.060408 -0.074104 0.067323
35 5 -9.957087 -0.092603 0.064165
35 6 -11.743377 -0.110806 0.059358
35 7 -13.364122 -0.128285 0.052311
35 8 -14.745964 -0.144287 0.042404
35 9 -15.798066 -0.157629 0.029163
35 10 -16.419901 -0.166665 0.012581
35 11 -16.520213 -0.169564 -0.006510
35 12 -16.046246 -0.165092 -0.026351
35 13 -15.007694 -0.153573 -0.044915
35 14 -13.468183 -0.136413 -0.060768
35 15 -11.519721 -0.115282 -0.073325
35 16 -9.259459 -0.091600 -0.082643
35 17 -6.776136 -0.066395 -0.089097
35 18 -4.145441 -0.040337 -0.093121
35 19 -1.431135 -0.013847 -0.095059
35 20 1.310810 0.012797 -0.095087
35 21 4.026709 0.039362 -0.093181
35 22 6.659227 0.065557 -0.089114
35 23 9.141717 0.090931 -0.082489
35 24 11.393979 0.114736 -0.072823
35 25 13.321650 0.135810 -0.059740
35 26 14.822936 0.152541 -0.043294
35 27 15.806673 0.163137 -0.024353
35 28 16.220733 0.166404 -0.004680
35 29 16.075301 0.162695 0.013708
35 30 15.433899 0.153440 0.029405
35 31 14.387479 0.140322 0.041869
35 32 13.030710 0.124781 0.051217
35 33 11.447728 0.107851 0.057915
35 34 9.706498 0.090204 0.062531
35 35 7.858539 0.072236 0.065599
35 36 5.941213 0.054163 0.067557
35 37 3.980865 0.036084 0.068734
35 38 1.995968 0.018031 0.069355
35 39 0.000000 0.000000 0.034774
36 0 0.000000 0.000000 0.000000
36 1 -1.521710 -0.018099 0.052839
36 2 -3.032860 -0.036150 0.052252
36 3 -4.520885 -0.054081 0.051156
36 4 -5.969127 -0.071776 0.049370
36 5 -7.354653 -0.089041 0.046638
36 6 -8.646094 -0.105559 0.042636
36 7 -9.801907 -0.120850 0.037001
36 8 -10.769893 -0.134213 0.029399
36 9 -11.489346 -0.144710 0.019645
36 10 -11.897471 -0.151229 0.007868
36 11 -11.940960 -0.152698 -0.005348
36 12 -11.590477 -0.148477 -0.018995
36 13 -10.850707 -0.138693 -0.031932
36 14 -9.757632 -0.124110 -0.043271
36 15 -8.367042 -0.105771 -0.052538
36 16 -6.742047 -0.084709 -0.059632
36 17 -4.944245 -0.061796 -0.064680
36 18 -3.029501 -0.037714 -0.067891
36 19 -1.047443 -0.012988 -0.069448
36 20 0.956675 0.011955 -0.069450
36 21 2.938864 0.036715 -0.067881
36 22 4.852912 0.060852 -0.064609
36 23 6.647303 0.083810 -0.059420
36 24 8.263545 0.104850 -0.052092
36 25 9.637306 0.123026 -0.042518
36 26 10.704009 0.137229 -0.030879
36 27 11.409693 0.146404 -0.017786
36 28 11.724885 0.149928 -0.004259
36 29 11.654136 0.147944 0.008572
36 30 11.232881 0.141222 0.019836
36 31 10.515575 0.130809 0.029097
36 32 9.562763 0.117730 0.036306
36 33 8.431656 0.102837 0.041667
36 34 7.171119 0.086766 0.045498
36 35 5.820123 0.069967 0.048134
36 36 4.408308 0.052734 0.049872
36 37 2.957569 0.035258 0.050947
36 38 1.484023 0.017656 0.051527
36 39 0.000000 0.000000 0.025855
37 0 0.000000 0.000000 0.000000
37 1 -1.007560 -0.017773 0.034965
37 2 -2.006962 -0.035439 0.034516
37 3 -2.988700 -0.052867 0.033687
37 4 -3.940565 -0.069880 0.032363
37 5 -4.846306 -0.086223 0.030382
37 6 -5.684437 -0.101541 0.027548
37 7 -6.427506 -0.115344 0.023657
37 8 -7.042336 -0.127005 0.018544
37 9 -7.491922 -0.135770 0.012148
37 10 -7.739631 -0.140840 0.004594
37 11 -7.755620 -0.141520 -0.003758
37 12 -7.523921 -0.137423 -0.012347
37 13 -7.046934 -0.128613 -0.020548
37 14 -6.344491 -0.115560 -0.027846
37 15 -5.448646 -0.098981 -0.033924
37 16 -4.397310 -0.079667 -0.038668
37 17 -3.229153 -0.058364 -0.042102
37 18 -1.980723 -0.035733 -0.044313
37 19 -0.685652 -0.012343 -0.045391
37 20 0.624629 0.011297 -0.045384
37 21 1.919318 0.034694 -0.044283
37 22 3.166409 0.057329 -0.042020
37 23 4.331189 0.078607 -0.038491
37 24 5.375735 0.097832 -0.033607
37 25 6.260157 0.114217 -0.027361
37 26 6.946229 0.126946 -0.019916
37 27 7.403325 0.135323 -0.011653
37 28 7.615091 0.138963 -0.003140
37 29 7.583578 0.137931 0.005002
37 30 7.328006 0.132696 0.012271
37 31 6.879260 0.123963 0.018377
37 32 6.273186 0.112496 0.023244
37 33 5.545077 0.098999 0.026951
37 34 4.726250 0.084059 0.029661
37 35 3.842569 0.068130 0.031567
37 36 2.914354 0.051549 0.032849
37 37 1.957098 0.034559 0.033656
37 38 0.982560 0.017333 0.034097
37 39 0.000000 0.000000 0.017118
38 0 0.000000 0.000000 0.000000
38 1 -0.501573 -0.017554 0.017400
38 2 -0.998731 -0.034965 0.017158
38 3 -1.486390 -0.052069 0.016715
38 4 -1.958131 -0.068653 0.016014
38 5 -2.405568 -0.084433 0.014978
38 6 -2.817836 -0.099035 0.013516
38 7 -3.181339 -0.111981 0.011536
38 8 -3.480009 -0.122692 0.008973
38 9 -3.696355 -0.130525 0.005810
38 10 -3.813482 -0.134841 0.002118
38 11 -3.817931 -0.135119 -0.001932
38 12 -3.702608 -0.131083 -0.006087
38 13 -3.468562 -0.122772 -0.010069
38 14 -3.124686 -0.110534 -0.013640
38 15 -2.685668 -0.094927 -0.016645
38 16 -2.169313 -0.076610 -0.019015
38 17 -1.594248 -0.056259 -0.020747
38 18 -0.978495 -0.034508 -0.021869
38 19 -0.338977 -0.011946 -0.022418
38 20 0.308272 0.010882 -0.022413
38 21 0.947468 0.033439 -0.021848
38 22 1.562312 0.055166 -0.020696
38 23 2.135402 0.075458 -0.018917
38 24 2.648138 0.093657 -0.016482
38 25 3.081442 0.109065 -0.013404
38 26 3.417502 0.121018 -0.009772
38 27 3.642361 0.128981 -0.005769
38 28 3.748643 0.132671 -0.001651
38 29 3.737141 0.132122 0.002305
38 30 3.616363 0.127669 0.005868
38 31 3.400324 0.119851 0.008897
38 32 3.105687 0.109292 0.011343
38 33 2.749255 0.096607 0.013231
38 34 2.346267 0.082341 0.014629
38 35 1.909572 0.066946 0.015624
38 36 1.449460 0.050774 0.016301
38 37 0.973919 0.034097 0.016731
38 38 0.489120 0.017118 0.016968
38 39 0.000000 0.000000 0.008521
39 0 0.000000 0.000000 0.000000
39 1 0.000000 0.000000 0.000000
39 2 0.000000 0.000000 0.000000
39 3 0.000000 0.000000 0.000000
39 4 0.000000 0.000000 0.000000
39 5 0.000000 0.000000 0.000000
39 6 0.000000 0.000000 0.000000
39 7 0.000000 0.000000 0.000000
39 8 0.000000 0.000000 0.000000
39 9 0.000000 0.000000 0.000000
39 10 0.000000 0.000000 0.000000
39 11 0.000000 0.000000 0.000000
39 12 0.000000 0.000000 0.000000
39 13 0.000000 0.000000 0.000000
39 14 0.000000 0.000000 0.000000
39 15 0.000000 0.000000 0.000000
39 16 0.000000 0.000000 0.000000
39 17 0.000000 0.000000 0.000000
39 18 0.000000 0.000000 0.000000
39 19 0.000000 0.000000 0.000000
39 20 0.000000 0.000000 0.000000
39 21 0.000000 0.000000 0.000000
39 22 0.000000 0.000000 0.000000
39 23 0.000000 0.000000 0.000000
39 24 0.000000 0.000000 0.000000
39 25 0.000000 0.000000 0.000000
39 26 0.000000 0.000000 0.000000
39 27 0.000000 0.000000 0.000000
39 28 0.000000 0.000000 0.000000
39 29 0.000000 0.000000 0.000000
39 30 0.000000 0.000000 0.000000
39 31 0.000000 0.000000 0.000000
39 32 0.000000 0.000000 0.000000
39 33 0.000000 0.000000 0.000000
39 34 0.000000 0.000000 0.000000
39 35 0.000000 0.000000 0.000000
39 36 0.000000 0.000000 0.000000
39 37 0.000000 0.000000 0.000000
39 38 0.000000 0.000000 0.000000
39 39 0.000000 0.000000 0.000000
