0 0 0.000000 0.000000 0.000000
0 1 0.000000 0.000000 0.000000
0 2 0.000000 0.000000 0.000000
0 3 0.000000 0.000000 0.000000
0 4 0.000000 0.000000 0.000000
0 5 0.000000 0.000000 0.000000
0 6 0.000000 0.000000 0.000000
0 7 0.000000 0.000000 0.000000
0 8 0.000000 0.000000 0.000000
0 9 0.000000 0.000000 0.000000
0 10 0.000000 0.000000 0.000000
0 11 0.000000 0.000000 0.000000
0 12 0.000000 0.000000 0.000000
0 13 0.000000 0.000000 0.000000
0 14 0.000000 0.000000 0.000000
0 15 0.000000 0.000000 0.000000
0 16 0.000000 0.000000 0.000000
0 17 0.000000 0.000000 0.000000
0 18 0.000000 0.000000 0.000000
0 19 0.000000 0.000000 0.000000
0 20 0.000000 0.000000 0.000000
0 21 0.000000 0.000000 0.000000
0 22 0.000000 0.000000 0.000000
0 23 0.000000 0.000000 0.000000
0 24 0.000000 0.000000 0.000000
0 25 0.000000 0.000000 0.000000
0 26 0.000000 0.000000 0.000000
0 27 0.000000 0.000000 0.000000
0 28 0.000000 0.000000 0.000000
0 29 0.000000 0.000000 0.000000
0 30 0.000000 0.000000 0.000000
0 31 0.000000 0.000000 0.000000
0 32 0.000000 0.000000 0.000000
0 33 0.000000 0.000000 0.000000
0 34 0.000000 0.000000 0.000000
0 35 0.000000 0.000000 0.000000
0 36 0.000000 0.000000 0.000000
0 37 0.000000 0.000000 0.000000
0 38 0.000000 0.000000 0.000000
0 39 0.000000 0.000000 0.000000
1 0 0.000000 0.000000 0.000000
1 1 -0.298765 0.009596 0.009763
1 2 -0.602830 0.019362 0.010021
1 3 -0.917527 0.029468 0.010456
1 4 -1.248394 0.040093 0.011074
1 5 -1.601298 0.051424 0.011891
1 6 -1.982568 0.063663 0.012922
1 7 -2.399167 0.077033 0.014193
1 8 -2.858882 0.091782 0.015732
1 9 -3.370537 0.108192 0.017578
1 10 -3.944200 0.126590 0.019771
1 11 -4.591297 0.147345 0.022355
1 12 -5.324457 0.170883 0.025353
1 13 -6.156655 0.197661 0.028738
1 14 -7.098815 0.228126 0.032352
1 15 -8.154201 0.262570 0.035760
1 16 -9.306753 0.300824 0.037985
1 17 -10.499541 0.341577 0.037170
1 18 -11.601767 0.381097 0.030419
1 19 -12.377741 0.411266 0.014817
1 20 -12.516616 0.418500 -0.008555
1 21 -11.849497 0.391073 -0.028845
1 22 -10.735631 0.349861 -0.038183
1 23 -9.491930 0.306818 -0.039630
1 24 -8.288737 0.266738 -0.037210
1 25 -7.194428 0.231029 -0.033421
1 26 -6.225212 0.199734 -0.029468
1 27 -5.374982 0.172418 -0.025837
1 28 -4.629937 0.148530 -0.022675
1 29 -3.974919 0.127541 -0.019988
1 30 -3.395803 0.108983 -0.017730
1 31 -2.880181 0.092453 -0.015847
1 32 -2.417352 0.077610 -0.014286
1 33 -1.998087 0.064158 -0.013005
1 34 -1.614347 0.051841 -0.011970
1 35 -1.259011 0.040433 -0.011154
1 36 -0.925656 0.029729 -0.010538
1 37 -0.608370 0.019540 -0.010107
1 38 -0.301596 0.009687 -0.009853
1 39 0.000000 0.000000 -0.004885
2 0 0.000000 0.000000 0.000000
2 1 -0.592482 0.009351 0.019362
2 2 -1.195455 0.018867 0.019872
2 3 -1.819473 0.028714 0.020731
2 4 -2.475491 0.039062 0.021956
2 5 -3.175093 0.050093 0.023570
2 6 -3.930775 0.062002 0.025609
2 7 -4.756265 0.075000 0.028119
2 8 -5.666922 0.089326 0.031160
2 9 -6.680190 0.105250 0.034808
2 10 -7.816087 0.123089 0.039153
2 11 -9.097628 0.143217 0.044293
2 12 -10.550920 0.166082 0.050316
2 13 -12.204320 0.192236 0.057243
2 14 -14.085285 0.222349 0.064909
2 15 -16.212012 0.257220 0.072698
2 16 -18.573943 0.297701 0.079007
2 17 -21.090209 0.344302 0.080273
2 18 -23.530267 0.395751 0.069688
2 19 -25.393011 0.444537 0.037403
2 20 -25.839659 0.466232 -0.020193
2 21 -24.146227 0.412113 -0.068639
2 22 -21.601664 0.353819 -0.084255
2 23 -18.944006 0.303226 -0.083123
2 24 -16.469328 0.260634 -0.075788
2 25 -14.264572 0.224625 -0.067003
2 26 -12.332302 0.193866 -0.058612
2 27 -10.645675 0.167323 -0.051204
2 28 -9.170758 0.144212 -0.044877
2 29 -7.874838 0.123920 -0.039547
2 30 -6.728989 0.105963 -0.035088
2 31 -5.708395 0.089948 -0.031373
2 32 -4.791897 0.075545 -0.028296
2 33 -3.961325 0.062475 -0.025768
2 34 -3.200864 0.050497 -0.023724
2 35 -2.496503 0.039393 -0.022112
2 36 -1.835587 0.028969 -0.020894
2 37 -1.206446 0.019042 -0.020042
2 38 -0.598099 0.009440 -0.019540
2 39 0.000000 0.000000 -0.009687
3 0 0.000000 0.000000 0.000000
3 1 -0.876138 0.008947 0.028631
3 2 -1.767754 0.018051 0.029384
3 3 -2.690408 0.027470 0.030651
3 4 -3.660228 0.037364 0.032454
3 5 -4.694241 0.047904 0.034830
3 6 -5.810770 0.059270 0.037829
3 7 -7.029919 0.071661 0.041517
3 8 -8.374158 0.085293 0.045983
3 9 -9.869059 0.100416 0.051342
3 10 -11.544169 0.117323 0.057738
3 11 -13.433997 0.136371 0.065348
3 12 -15.578978 0.158015 0.074372
3 13 -18.025999 0.182871 0.085004
3 14 -20.827420 0.211831 0.097336
3 15 -24.035873 0.246275 0.111112
3 16 -27.687866 0.288470 0.125067
3 17 -31.757971 0.342188 0.135220
3 18 -36.036815 0.413074 0.130654
3 19 -39.825014 0.504903 0.085298
3 20 -41.303422 0.589782 -0.040979
3 21 -37.294848 0.437337 -0.141257
3 22 -32.581708 0.350088 -0.147071
3 23 -28.214170 0.291645 -0.132815
3 24 -24.381208 0.247963 -0.115811
3 25 -21.063560 0.212986 -0.100189
3 26 -18.195163 0.183797 -0.086769
3 27 -15.706130 0.158817 -0.075491
3 28 -13.534076 0.137092 -0.066079
3 29 -11.626167 0.117981 -0.058236
3 30 -9.938348 0.101020 -0.051703
3 31 -8.433863 0.085846 -0.046265
3 32 -7.081751 0.072161 -0.041758
3 33 -5.855546 0.059716 -0.038053
3 34 -4.732210 0.048289 -0.035052
3 35 -3.691299 0.037683 -0.032682
3 36 -2.714291 0.027717 -0.030890
3 37 -1.784067 0.018222 -0.029636
3 38 -0.884480 0.009035 -0.028895
3 39 0.000000 0.000000 -0.014325
4 0 0.000000 0.000000 0.000000
4 1 -1.144920 0.008392 0.037413
4 2 -2.310014 0.016930 0.038395
4 3 -3.515542 0.025761 0.040044
4 4 -4.782462 0.035034 0.042390
4 5 -6.132841 0.044904 0.045477
4 6 -7.590344 0.055535 0.049366
4 7 -9.180849 0.067100 0.054141
4 8 -10.933210 0.079790 0.059916
4 9 -12.880249 0.093820 0.066838
4 10 -15.060053 0.109438 0.075108
4 11 -17.517664 0.126950 0.084985
4 12 -20.307323 0.146755 0.096816
4 13 -23.495431 0.169421 0.111058
4 14 -27.164458 0.195844 0.128312
4 15 -31.417884 0.227592 0.149338
4 16 -36.385093 0.267726 0.174921
4 17 -42.218143 0.322916 0.204877
4 18 -49.034905 0.409456 0.232403
4 19 -56.567531 0.572221 0.214111
4 20 -62.254872 0.950651 -0.087759
4 21 -51.149001 0.397373 -0.308332
4 22 -43.217367 0.317561 -0.229948
4 23 -36.951210 0.265315 -0.185249
4 24 -31.779428 0.226599 -0.154447
4 25 -27.415115 0.195576 -0.131169
4 26 -23.680603 0.169536 -0.112781
4 27 -20.451623 0.147074 -0.097910
4 28 -17.635298 0.127374 -0.085712
4 29 -15.159433 0.109911 -0.075619
4 30 -12.966332 0.094307 -0.067224
4 31 -11.008802 0.080269 -0.060232
4 32 -9.247390 0.067553 -0.054425
4 33 -7.648394 0.055950 -0.049641
4 34 -6.182404 0.045271 -0.045757
4 35 -4.823207 0.035342 -0.042684
4 36 -3.546955 0.026002 -0.040356
4 37 -2.331509 0.017096 -0.038725
4 38 -1.155922 0.008477 -0.037761
4 39 0.000000 0.000000 -0.018721
5 0 0.000000 0.000000 0.000000
5 1 -1.394295 0.007696 0.045561
5 2 -2.813101 0.015525 0.046753
5 3 -4.281004 0.023622 0.048754
5 4 -5.823367 0.032121 0.051597
5 5 -7.466793 0.041160 0.055331
5 6 -9.239679 0.050882 0.060024
5 7 -11.172899 0.061433 0.065772
5 8 -13.300696 0.072968 0.072703
5 9 -15.661849 0.085656 0.080990
5 10 -18.301288 0.099680 0.090868
5 11 -21.272351 0.115256 0.102664
5 12 -24.640127 0.132651 0.116843
5 13 -28.486630 0.152230 0.134093
5 14 -32.919505 0.174546 0.155507
5 15 -38.088193 0.200535 0.182994
5 16 -44.218200 0.231934 0.220391
5 17 -51.695945 0.272299 0.276950
5 18 -61.318095 0.329615 0.379959
5 19 -75.155956 0.423866 0.626493
5 20 -100.000000 0.611321 -0.215826
5 21 -61.830061 0.291924 -0.774347
5 22 -52.189039 0.257475 -0.279129
5 23 -44.595673 0.225467 -0.223777
5 24 -38.372240 0.197555 -0.185550
5 25 -33.139146 0.173198 -0.157252
5 26 -28.662946 0.151713 -0.135272
5 27 -24.786993 0.132583 -0.117653
5 28 -21.398628 0.115437 -0.103242
5 29 -18.412477 0.099998 -0.091304
5 30 -15.761202 0.086044 -0.081345
5 31 -13.389939 0.073384 -0.073019
5 32 -11.252732 0.061846 -0.066077
5 33 -9.310111 0.051273 -0.060336
5 34 -7.527394 0.041512 -0.055660
5 35 -5.873444 0.032420 -0.051951
5 36 -4.319741 0.023858 -0.049135
5 37 -2.839661 0.015688 -0.047160
5 38 -1.407903 0.007780 -0.045991
5 39 0.000000 0.000000 -0.022802
6 0 0.000000 0.000000 0.000000
6 1 -1.620075 0.006870 0.052938
6 2 -3.268598 0.013860 0.054321
6 3 -4.974056 0.021091 0.056640
6 4 -6.765743 0.028681 0.059928
6 5 -8.674236 0.036749 0.064237
6 6 -10.731965 0.045416 0.069638
6 7 -12.973912 0.054798 0.076228
6 8 -15.438525 0.065012 0.084139
6 9 -18.168936 0.076173 0.093550
6 10 -21.214647 0.088388 0.104708
6 11 -24.633967 0.101760 0.117956
6 12 -28.497650 0.116379 0.133790
6 13 -32.894634 0.132316 0.152954
6 14 -37.941572 0.149590 0.176617
6 15 -43.799619 0.168078 0.206726
6 16 -50.705554 0.187187 0.246685
6 17 -59.030836 0.204734 0.302557
6 18 -69.386529 0.212841 0.383970
6 19 -82.738526 0.182303 0.495816
6 20 -100.000000 0.000000 -0.219701
6 21 -69.173417 0.198237 -0.662178
6 22 -59.114793 0.194957 -0.296405
6 23 -50.872320 0.181531 -0.245169
6 24 -43.977155 0.164966 -0.206715
6 25 -38.108982 0.147961 -0.177010
6 26 -33.047930 0.131550 -0.153396
6 27 -28.637783 0.116123 -0.134186
6 28 -24.762795 0.101808 -0.118298
6 29 -21.333668 0.088615 -0.105012
6 30 -18.278980 0.076501 -0.093838
6 31 -15.539770 0.065389 -0.084429
6 32 -13.066002 0.055188 -0.076536
6 33 -10.814149 0.045793 -0.069975
6 34 -8.745504 0.037094 -0.064609
6 35 -6.824943 0.028976 -0.060338
6 36 -5.020004 0.021325 -0.057087
6 37 -3.300165 0.014023 -0.054803
6 38 -1.636263 0.006954 -0.053450
6 39 0.000000 0.000000 -0.026501
7 0 0.000000 0.000000 0.000000
7 1 -1.818463 0.005928 0.059421
7 2 -3.668890 0.011962 0.060974
7 3 -5.583231 0.018210 0.063575
7 4 -7.594218 0.024773 0.067255
7 5 -9.735825 0.031754 0.072065
7 6 -12.043798 0.039248 0.078073
7 7 -14.556310 0.047346 0.085369
7 8 -17.314793 0.056127 0.094078
7 9 -20.365037 0.065652 0.104365
7 10 -23.758688 0.075956 0.116455
7 11 -27.555381 0.087033 0.130655
7 12 -31.825807 0.098806 0.147399
7 13 -36.656303 0.111079 0.167304
7 14 -42.155753 0.123434 0.191269
7 15 -48.465909 0.135008 0.220590
7 16 -55.775786 0.144009 0.257048
7 17 -64.336959 0.146614 0.302605
7 18 -74.459679 0.134716 0.357527
7 19 -86.411968 0.092504 0.413652
7 20 -100.000000 0.000000 -0.199892
7 21 -74.069908 0.132283 -0.579391
7 22 -64.226359 0.142591 -0.295834
7 23 -55.804067 0.140745 -0.253767
7 24 -48.557858 0.132829 -0.219121
7 25 -42.274781 0.122141 -0.190668
7 26 -36.785314 0.110415 -0.167109
7 27 -31.956854 0.098565 -0.147395
7 28 -27.684592 0.087069 -0.130750
7 29 -23.883880 0.076167 -0.116611
7 30 -20.484621 0.065967 -0.104571
7 31 -17.427308 0.056497 -0.094332
7 32 -14.660236 0.047735 -0.085673
7 33 -12.137527 0.039627 -0.078430
7 34 -9.817687 0.032102 -0.072477
7 35 -7.662544 0.025073 -0.067720
7 36 -5.636423 0.018448 -0.064088
7 37 -3.705498 0.012128 -0.061531
7 38 -1.837249 0.006013 -0.060014
7 39 0.000000 0.000000 -0.029756
8 0 0.000000 0.000000 0.000000
8 1 -1.986066 0.004882 0.064901
8 2 -4.007200 0.009858 0.066603
8 3 -6.098384 0.015021 0.069450
8 4 -8.295316 0.020458 0.073472
8 5 -10.634816 0.026256 0.078712
8 6 -13.155287 0.032490 0.085231
8 7 -15.897251 0.039227 0.093107
8 8 -18.904020 0.046513 0.102444
8 9 -22.222533 0.054367 0.113379
8 10 -25.904463 0.062767 0.126089
8 11 -30.007688 0.071624 0.140805
8 12 -34.598266 0.080745 0.157836
8 13 -39.753034 0.089772 0.177582
8 14 -45.562797 0.098067 0.200547
8 15 -52.135518 0.104522 0.227301
8 16 -59.597165 0.107232 0.258291
8 17 -68.083327 0.103003 0.293264
8 18 -77.704359 0.086906 0.329860
8 19 -88.450044 0.052998 0.361101
8 20 -100.000000 0.000000 -0.179921
8 21 -77.341060 0.088667 -0.519587
8 22 -67.918840 0.102384 -0.287944
8 23 -59.562401 0.106035 -0.254931
8 24 -52.178519 0.103475 -0.225319
8 25 -45.650396 0.097368 -0.199424
8 26 -39.865365 0.089416 -0.176971
8 27 -34.723557 0.080666 -0.157533
8 28 -30.138728 0.071747 -0.140696
8 29 -26.036490 0.063029 -0.126113
8 30 -22.352038 0.054716 -0.113508
8 31 -19.028108 0.046908 -0.102662
8 32 -16.013315 0.039637 -0.093406
8 33 -13.260871 0.032888 -0.085608
8 34 -10.727578 0.026620 -0.079163
8 35 -8.373042 0.020772 -0.073992
8 36 -6.159044 0.015270 -0.070032
8 37 -4.049004 0.010031 -0.067238
8 38 -2.007530 0.004971 -0.065578
8 39 0.000000 0.000000 -0.032514
9 0 0.000000 0.000000 0.000000
9 1 -2.119892 0.003745 0.069280
9 2 -4.277569 0.007573 0.071113
9 3 -6.510652 0.011563 0.074175
9 4 -8.857380 0.015792 0.078491
9 5 -11.356947 0.020331 0.084097
9 6 -14.049856 0.025241 0.091044
9 7 -16.978309 0.030570 0.099392
9 8 -20.186645 0.036342 0.109219
9 9 -23.721848 0.042549 0.120620
9 10 -27.634142 0.049134 0.133712
9 11 -31.977680 0.055962 0.148633
9 12 -36.811294 0.062791 0.165547
9 13 -42.199135 0.069207 0.184626
9 14 -48.210756 0.074549 0.206019
9 15 -54.919491 0.077790 0.229755
9 16 -62.396670 0.077399 0.255529
9 17 -70.696752 0.071265 0.282279
9 18 -79.825560 0.056909 0.307522
9 19 -89.684253 0.032583 0.326746
9 20 -100.000000 0.000000 -0.164223
9 21 -79.544527 0.059679 -0.477007
9 22 -70.547896 0.072247 -0.278465
9 23 -62.351077 0.077545 -0.252676
9 24 -54.946783 0.077675 -0.227788
9 25 -48.286652 0.074450 -0.204727
9 26 -42.306199 0.069226 -0.183812
9 27 -36.937452 0.062945 -0.165065
9 28 -32.114510 0.056235 -0.148387
9 29 -27.775511 0.049496 -0.133642
9 30 -23.862992 0.042970 -0.120691
9 31 -20.323589 0.036793 -0.109411
9 32 -17.107539 0.031024 -0.099694
9 33 -14.168154 0.025676 -0.091446
9 34 -11.461327 0.020726 -0.084593
9 35 -8.945094 0.016131 -0.079071
9 36 -6.579228 0.011831 -0.074829
9 37 -4.324871 0.007759 -0.071830
9 38 -2.144183 0.003841 -0.070046
9 39 0.000000 0.000000 -0.034727
10 0 0.000000 0.000000 0.000000
10 1 -2.217319 0.002529 0.072474
10 2 -4.474794 0.005130 0.074421
10 3 -6.812343 0.007873 0.077670
10 4 -9.270393 0.010824 0.082240
10 5 -11.890138 0.014044 0.088161
10 6 -14.713780 0.017584 0.095469
10 7 -17.784752 0.021480 0.104207
10 8 -21.147908 0.025747 0.114424
10 9 -24.849677 0.030365 0.126171
10 10 -28.938141 0.035267 0.139501
10 11 -33.462986 0.040311 0.154462
10 12 -38.475180 0.000000 0.000000
10 13 -44.026122 0.049725 0.189340
10 14 -50.165734 0.053141 0.209130
10 15 -56.938534 0.054695 0.230151
10 16 -64.376080 0.053316 0.251767
10 17 -72.483500 0.047753 0.272774
10 18 -81.218122 0.036884 0.291177
10 19 -90.461831 0.020425 0.304192
10 20 -100.000000 0.000000 -0.152826
10 21 -81.025825 0.039657 -0.447340
10 22 -72.379657 0.049387 -0.270077
10 23 -64.350329 0.054229 -0.249503
10 24 -56.974480 0.055238 -0.228414
10 25 -50.247225 0.053539 -0.207874
10 26 -44.139611 0.050100 -0.188477
10 27 -38.610011 0.045662 -0.170523
10 28 -33.610885 0.000000 0.000000
10 29 -29.092549 0.035758 -0.139378
10 30 -25.005174 0.030885 -0.126211
10 31 -21.299808 0.026276 -0.114608
10 32 -17.928842 0.021998 -0.104523
10 33 -14.846187 0.018072 -0.095906
10 34 -12.007286 0.014483 -0.088708
10 35 -9.369016 0.011198 -0.082887
10 36 -6.889530 0.008168 -0.078404
10 37 -4.528058 0.005334 -0.075228
10 38 -2.244667 0.002633 -0.073337
10 39 0.000000 0.000000 -0.036355
11 0 0.000000 0.000000 0.000000
11 1 -2.276052 0.001243 0.074410
11 2 -4.594334 0.002549 0.076457
11 3 -6.996773 0.003980 0.079869
11 4 -9.525707 0.005593 0.084661
11 5 -12.224075 0.007444 0.090857
11 6 -15.135544 0.009578 0.098480
11 7 -18.304571 0.012028 0.107555
11 8 -21.776366 0.014810 0.118104
11 9 -25.596719 0.017908 0.130139
11 10 -29.811627 0.021265 0.143657
11 11 -34.466626 0.024766 0.158625
11 12 -39.605679 0.000000 0.000000
11 13 -45.269352 0.031302 0.192509
11 14 -51.491876 0.033602 0.210988
11 15 -58.296527 0.034537 0.229930
11 16 -65.688569 0.033420 0.248587
11 17 -73.645199 0.029551 0.265847
11 18 -82.102905 0.022450 0.280194
11 19 -90.945391 0.012235 0.289862
11 20 -100.000000 0.000000 -0.144992
11 21 -81.993062 0.025007 -0.427620
11 22 -73.597232 0.031419 -0.263893
11 23 -65.699372 0.034751 -0.246825
11 24 -58.357376 0.035514 -0.228477
11 25 -51.592370 0.034376 -0.209866
11 26 -45.399531 0.031978 -0.191689
11 27 -39.756810 0.028851 -0.174403
11 28 -34.631260 0.000000 0.000000
11 29 -29.983367 0.021899 -0.143518
11 30 -25.769932 0.018542 -0.130174
11 31 -21.945944 0.015434 -0.118298
11 32 -18.465780 0.012627 -0.107898
11 33 -15.283958 0.010135 -0.098961
11 34 -12.355572 0.007941 -0.091466
11 35 -9.636512 0.006015 -0.085386
11 36 -7.083535 0.004310 -0.080694
11 37 -4.654207 0.002777 -0.077364
11 38 -2.306781 0.001360 -0.075380
11 39 0.000000 0.000000 -0.037361
12 0 0.000000 0.000000 0.000000
12 1 -2.294080 -0.000104 0.075023
12 2 -4.632208 -0.000153 0.077158
12 3 -7.058081 -0.000092 0.080714
12 4 -9.615752 0.000130 0.085704
12 5 -12.349751 0.000566 0.092145
12 6 -15.305134 0.001261 0.100054
12 7 -18.527410 0.002251 0.109439
12 8 -22.062314 0.003563 0.120303
12 9 -25.955362 0.005197 0.132626
12 10 -30.251128 0.007127 0.146360
12 11 -34.992125 0.009281 0.161410
12 12 -40.217140 0.000000 0.000000
12 13 -45.958843 0.013675 0.194729
12 14 -52.240421 0.015431 0.212364
12 15 -59.070969 0.016436 0.229969
12 16 -66.439539 0.016279 0.246780
12 17 -74.308056 0.014582 0.261804
12 18 -82.604265 0.011132 0.273862
12 19 -91.217286 0.006066 0.281742
12 20 -100.000000 0.000000 -0.140054
12 21 -82.569824 0.013504 -0.415920
12 22 -74.319605 0.016537 -0.260333
12 23 -66.495958 0.017844 -0.245408
12 24 -59.167234 0.017695 -0.228789
12 25 -52.369738 0.016479 -0.211410
12 26 -46.114044 0.014591 -0.194002
12 27 -40.391350 0.012371 -0.177105
12 28 -35.178964 0.000000 0.000000
12 29 -30.444669 0.007904 -0.146233
12 30 -26.150020 0.005955 -0.132676
12 31 -22.252752 0.004296 -0.120523
12 32 -18.708490 0.002947 -0.109822
12 33 -15.471930 0.001902 -0.100592
12 34 -12.497610 0.001136 -0.092828
12 35 -9.740385 0.000612 -0.086518
12 36 -7.155675 0.000284 -0.081642
12 37 -4.699537 0.000106 -0.078179
12 38 -2.328616 0.000028 -0.076114
12 39 0.000000 0.000000 -0.037714
13 0 0.000000 0.000000 0.000000
13 1 -2.269634 -0.001505 0.074257
13 2 -4.584900 -0.002962 0.076468
13 3 -6.991068 -0.004324 0.080152
13 4 -9.533755 -0.005542 0.085320
13 5 -12.259023 -0.006567 0.091987
13 6 -15.213373 -0.007349 0.100165
13 7 -18.443583 -0.007841 0.109857
13 8 -21.996341 -0.008003 0.121050
13 9 -25.917619 -0.007804 0.133704
13 10 -30.251688 -0.007230 0.147741
13 11 -35.039695 -0.006294 0.163029
13 12 -40.317653 0.000000 0.000000
13 13 -46.113723 -0.003559 0.196409
13 14 -52.444653 -0.001985 0.213749
13 15 -59.311342 -0.000501 0.230778
13 16 -66.693718 0.000683 0.246733
13 17 -74.545518 0.001367 0.260699
13 18 -82.790205 0.001429 0.271679
13 19 -91.319956 0.000899 0.278730
13 20 -100.000000 0.000000 -0.137555
13 21 -82.826819 0.003718 -0.411083
13 22 -74.618258 0.003381 -0.259552
13 23 -66.801131 0.002397 -0.245666
13 24 -59.449935 0.000947 -0.229843
13 25 -52.609826 -0.000743 -0.212970
13 26 -46.300410 -0.002461 -0.195797
13 27 -40.520640 -0.004035 -0.178913
13 28 -35.253715 0.000000 0.000000
13 29 -30.471416 -0.006314 -0.147644
13 30 -26.137646 -0.006916 -0.133783
13 31 -22.211183 -0.007149 -0.121307
13 32 -18.647734 -0.007034 -0.110291
13 33 -15.401406 -0.006606 -0.100772
13 34 -12.425722 -0.005908 -0.092757
13 35 -9.674272 -0.004987 -0.086238
13 36 -7.101082 -0.003890 -0.081199
13 37 -4.660766 -0.002664 -0.077620
13 38 -2.308521 -0.001353 -0.075486
13 39 0.000000 0.000000 -0.037389
14 0 0.000000 0.000000 0.000000
14 1 -2.201161 -0.002953 0.072061
14 2 -4.449304 -0.005866 0.074338
14 3 -6.791078 -0.008699 0.078133
14 4 -9.273544 -0.011407 0.083461
14 5 -11.944287 -0.013940 0.090339
14 6 -14.851398 -0.016245 0.098779
14 7 -18.043277 -0.018261 0.108785
14 8 -21.568192 -0.019926 0.120341
14 9 -25.473538 -0.021176 0.133399
14 10 -29.804716 -0.021947 0.147869
14 11 -34.603515 -0.022184 0.163599
14 12 -39.905904 0.000000 0.000000
14 13 -45.739105 -0.020883 0.197785
14 14 -52.117874 -0.019309 0.215422
14 15 -59.040054 -0.017135 0.232637
14 16 -66.481689 -0.014413 0.248647
14 17 -74.392434 -0.011226 0.262551
14 18 -82.692499 -0.007681 0.273395
14 19 -91.272810 -0.003898 0.280313
14 20 -100.000000 0.000000 -0.137236
14 21 -82.799392 -0.005354 -0.412539
14 22 -74.528388 -0.009124 -0.261654
14 23 -66.643957 -0.012583 -0.247843
14 24 -59.225702 -0.015559 -0.231929
14 25 -52.323832 -0.017936 -0.214818
14 26 -45.962081 -0.019655 -0.197293
14 27 -40.142243 -0.020703 -0.179986
14 28 -34.849078 0.000000 0.000000
14 29 -30.054821 -0.020899 -0.147807
14 30 -25.722978 -0.020155 -0.133512
14 31 -21.811322 -0.018941 -0.120641
14 32 -18.274174 -0.017326 -0.109279
14 33 -15.064053 -0.015382 -0.099465
14 34 -12.132831 -0.013174 -0.091209
14 35 -9.432477 -0.010760 -0.084500
14 36 -6.915486 -0.008193 -0.079319
14 37 -4.535058 -0.005518 -0.075642
14 38 -2.245084 -0.002776 -0.073450
14 39 0.000000 0.000000 -0.036361
15 0 0.000000 0.000000 0.000000
15 1 -2.087327 -0.004439 0.068391
15 2 -4.222715 -0.008850 0.070722
15 3 -6.453970 -0.013198 0.074611
15 4 -8.829463 -0.017445 0.080078
15 5 -11.398301 -0.021542 0.087149
15 6 -14.210353 -0.025429 0.095844
15 7 -17.316062 -0.029032 0.106176
15 8 -20.766009 -0.032265 0.118135
15 9 -24.610138 -0.035026 0.131683
15 10 -28.896587 -0.037198 0.146734
15 11 -33.670004 -0.038653 0.163137
15 12 -38.969249 0.000000 0.000000
15 13 -44.824329 -0.038825 0.198939
15 14 -51.252477 -0.037231 0.217497
15 15 -58.253374 -0.034316 0.235673
15 16 -65.803795 -0.029974 0.252642
15 17 -73.852390 -0.024176 0.267432
15 18 -82.315976 -0.017027 0.279007
15 19 -91.079266 -0.008812 0.286411
15 20 -100.000000 0.000000 -0.139011
15 21 -82.496227 -0.014533 -0.420208
15 22 -74.054890 -0.021941 -0.266781
15 23 -66.024230 -0.028044 -0.252101
15 24 -58.489284 -0.032662 -0.235196
15 25 -51.502383 -0.035786 -0.217066
15 26 -45.086837 -0.037519 -0.198563
15 27 -39.242383 -0.038018 -0.180359
15 28 -33.950823 0.000000 0.000000
15 29 -29.181054 -0.036023 -0.146698
15 30 -24.893184 -0.033865 -0.131825
15 31 -21.041718 -0.031131 -0.118478
15 32 -17.577944 -0.027948 -0.106733
15 33 -14.451654 -0.024422 -0.096619
15 34 -11.612334 -0.020644 -0.088134
15 35 -9.009920 -0.016686 -0.081257
15 36 -6.595216 -0.012603 -0.075957
15 37 -4.320038 -0.008441 -0.072203
15 38 -2.137141 -0.004231 -0.069967
15 39 0.000000 0.000000 -0.034613
16 0 0.000000 0.000000 0.000000
16 1 -1.927053 -0.005956 0.063211
16 2 -3.902896 -0.011896 0.065580
16 3 -5.976196 -0.017799 0.069538
16 4 -8.196441 -0.023633 0.075118
16 5 -10.614220 -0.029354 0.082355
16 6 -13.281343 -0.034897 0.091289
16 7 -16.250732 -0.040174 0.101949
16 8 -19.576040 -0.045076 0.114347
16 9 -23.310930 -0.049464 0.128465
16 10 -27.507953 -0.053168 0.144242
16 11 -32.216927 -0.055985 0.161551
16 12 -37.482667 0.000000 0.000000
16 13 -43.341900 -0.057941 0.199802
16 14 -49.819126 -0.056473 0.219931
16 15 -56.921241 -0.052926 0.239893
16 16 -64.630980 -0.046991 0.258788
16 17 -72.899721 -0.038477 0.275498
16 18 -81.641184 -0.027440 0.288759
16 19 -90.728755 -0.014321 0.297340
16 20 -100.000000 0.000000 -0.142957
16 21 -81.902090 -0.024630 -0.434480
16 22 -73.173671 -0.036063 -0.275165
16 23 -64.912423 -0.044990 -0.258564
16 24 -57.209032 -0.051259 -0.239672
16 25 -50.114247 -0.055029 -0.219675
16 26 -43.645512 -0.056617 -0.199525
16 27 -37.794848 -0.056391 -0.179929
16 28 -32.536071 0.000000 0.000000
16 29 -27.830632 -0.051868 -0.144210
16 30 -23.632052 -0.048150 -0.128620
16 31 -19.889190 -0.043771 -0.114724
16 32 -16.548589 -0.038912 -0.102570
16 33 -13.556138 -0.033716 -0.092162
16 34 -10.858191 -0.028295 -0.083472
16 35 -8.402253 -0.022735 -0.076459
16 36 -6.137310 -0.017094 -0.071074
16 37 -4.013880 -0.011411 -0.067270
16 38 -1.983824 -0.005709 -0.065009
16 39 0.000000 0.000000 -0.032130
17 0 0.000000 0.000000 0.000000
17 1 -1.719598 -0.007489 0.056495
17 2 -3.488233 -0.014980 0.058879
17 3 -5.355017 -0.022469 0.062873
17 4 -7.370249 -0.029938 0.068523
17 5 -9.585867 -0.037347 0.075886
17 6 -12.055711 -0.044632 0.085024
17 7 -14.835553 -0.051695 0.095996
17 8 -17.982829 -0.058405 0.108845
17 9 -21.556041 -0.064589 0.123591
17 10 -25.613780 -0.070029 0.140213
17 11 -30.213294 -0.074450 0.158635
17 12 -35.408453 0.000000 0.000000
17 13 -41.246855 -0.078797 0.200137
17 14 -47.765648 -0.077795 0.222512
17 15 -54.985526 -0.073926 0.245155
17 16 -62.902394 -0.066588 0.267091
17 17 -71.476682 -0.055301 0.286982
17 18 -80.621707 -0.039937 0.303163
17 19 -90.195046 -0.021032 0.313851
17 20 -100.000000 0.000000 -0.149320
17 21 -80.975475 -0.036636 -0.456271
17 22 -71.828226 -0.052692 -0.287141
17 23 -63.246377 -0.064595 -0.267297
17 24 -55.324359 -0.072357 -0.245235
17 25 -48.104703 -0.076454 -0.222424
17 26 -41.591090 -0.077532 -0.199925
17 27 -35.760606 -0.076227 -0.178445
17 28 -30.573239 0.000000 0.000000
17 29 -25.978553 -0.068597 -0.140144
17 30 -21.920229 -0.063099 -0.123728
17 31 -18.339130 -0.056894 -0.109239
17 32 -15.175407 -0.050214 -0.096677
17 33 -12.369938 -0.043234 -0.086003
17 34 -9.865273 -0.036088 -0.077154
17 35 -7.606168 -0.028867 -0.070056
17 36 -5.539765 -0.021628 -0.064633
17 37 -3.615480 -0.014401 -0.060818
17 38 -1.784652 -0.007194 -0.058556
17 39 0.000000 0.000000 -0.028904
18 0 0.000000 0.000000 0.000000
18 1 -1.464686 -0.009020 0.048232
18 2 -2.977990 -0.018068 0.050599
18 3 -4.588869 -0.027163 0.054580
18 4 -6.347961 -0.036305 0.060239
18 5 -8.308268 -0.045469 0.067662
18 6 -10.525625 -0.054592 0.076941
18 7 -13.058904 -0.063573 0.088176
18 8 -15.969914 -0.072263 0.101453
18 9 -19.322969 -0.080463 0.116842
18 10 -23.184133 -0.087912 0.134381
18 11 -27.620122 -0.094278 0.154067
18 12 -32.696764 0.000000 0.000000
18 13 -38.476711 -0.101942 0.199519
18 14 -45.015777 -0.101988 0.224802
18 15 -52.356808 -0.098395 0.251100
18 16 -60.519576 -0.090137 0.277412
18 17 -69.485227 -0.076203 0.302149
18 18 -79.175322 -0.055976 0.323029
18 19 -89.430190 -0.029869 0.337277
18 20 -100.000000 0.000000 -0.158561
18 21 -79.640047 -0.051984 -0.487172
18 22 -69.920294 -0.073474 -0.303124
18 23 -60.924076 -0.088344 -0.278229
18 24 -52.741455 -0.097121 -0.251530
18 25 -45.393696 -0.100902 -0.224850
18 26 -38.858440 -0.100831 -0.199298
18 27 -33.088351 -0.097891 -0.175493
18 28 -28.022900 0.000000 0.000000
18 29 -23.595233 -0.086328 -0.134213
18 30 -19.736124 -0.078757 -0.116917
18 31 -16.376345 -0.070496 -0.101839
18 32 -13.448222 -0.061817 -0.088911
18 33 -10.886690 -0.052923 -0.078036
18 34 -8.629975 -0.043958 -0.069105
18 35 -6.619916 -0.035018 -0.061999
18 36 -4.801940 -0.026151 -0.056608
18 37 -3.124737 -0.017371 -0.052836
18 38 -1.539672 -0.008665 -0.050608
18 39 0.000000 0.000000 -0.024937
19 0 0.000000 0.000000 0.000000
19 1 -1.162697 -0.010524 0.038428
19 2 -2.372676 -0.021111 0.040736
19 3 -3.677896 -0.031812 0.044636
19 4 -5.128636 -0.042656 0.050217
19 5 -6.778473 -0.053635 0.057599
19 6 -8.685016 -0.064699 0.066920
19 7 -10.910332 -0.075747 0.078324
19 8 -13.521025 -0.086619 0.091955
19 9 -16.587972 -0.097094 0.107943
19 10 -20.185806 -0.106883 0.126398
19 11 -24.392256 -0.115618 0.147410
19 12 -29.287399 0.000000 0.000000
19 13 -34.952617 -0.127849 0.197286
19 14 -41.468532 -0.129825 0.226058
19 15 -48.910256 -0.127533 0.257006
19 16 -57.337001 -0.119364 0.289283
19 17 -66.771607 -0.103401 0.321144
19 18 -77.165549 -0.077896 0.349498
19 19 -88.350853 -0.042467 0.369827
19 20 -100.000000 0.000000 -0.171436
19 21 -77.765786 -0.073055 -0.529744
19 22 -67.291690 -0.100877 -0.323501
19 23 -57.791686 -0.118189 -0.290945
19 24 -49.327739 -0.126886 -0.257792
19 25 -41.874669 -0.129204 -0.226134
19 26 -35.365416 -0.127004 -0.196915
19 27 -29.716442 -0.121654 -0.170473
19 28 -24.839828 0.000000 0.000000
19 29 -20.648353 -0.105105 -0.126043
19 30 -17.057511 -0.095108 -0.107896
19 31 -13.986441 -0.084521 -0.092300
19 32 -11.358592 -0.073640 -0.079104
19 33 -9.102288 -0.062685 -0.068144
19 34 -7.151123 -0.051808 -0.059249
19 35 -5.444051 -0.041097 -0.052248
19 36 -3.925135 -0.030588 -0.046986
19 37 -2.542940 -0.020269 -0.043332
19 38 -1.249657 -0.010095 -0.041186
19 39 0.000000 0.000000 -0.020239
20 0 0.000000 0.000000 0.000000
20 1 -0.814916 -0.011966 0.027121
20 2 -1.674540 -0.024043 0.029311
20 3 -2.624676 -0.036324 0.033035
20 4 -3.714249 -0.048876 0.038417
20 5 -4.996659 -0.061722 0.045618
20 6 -6.530848 -0.074830 0.054829
20 7 -8.381994 -0.088105 0.066256
20 8 -10.621748 -0.101379 0.080107
20 9 -13.328063 -0.114417 0.096578
20 10 -16.584803 -0.126916 0.115857
20 11 -20.481461 -0.138498 0.138129
20 12 -25.113410 0.000000 0.000000
20 13 -30.582839 -0.156816 0.192514
20 14 -36.999933 -0.161934 0.225119
20 15 -44.482480 -0.162551 0.261561
20 16 -53.149615 -0.156388 0.301544
20 17 -63.100877 -0.140143 0.343617
20 18 -74.365769 -0.109739 0.383963
20 19 -86.808124 -0.062104 0.415173
20 20 -100.000000 0.000000 -0.189149
20 21 -75.129361 -0.104287 -0.588048
20 22 -63.691794 -0.138792 -0.348258
20 23 -53.626663 -0.156652 -0.304238
20 24 -44.907087 -0.163032 -0.262545
20 25 -37.416177 -0.162030 -0.224968
20 26 -31.016762 -0.156332 -0.191747
20 27 -25.577004 -0.147602 -0.162612
20 28 -20.976507 0.000000 0.000000
20 29 -17.105674 -0.124866 -0.115198
20 30 -13.863791 -0.112056 -0.096333
20 31 -11.157703 -0.098846 -0.080371
20 32 -8.901425 -0.085541 -0.067074
20 33 -7.016290 -0.072374 -0.056204
20 34 -5.431173 -0.059494 -0.047517
20 35 -4.082420 -0.046979 -0.040779
20 36 -2.913340 -0.034837 -0.035779
20 37 -1.873279 -0.023022 -0.032343
20 38 -0.916360 -0.011448 -0.030340
20 39 0.000000 0.000000 -0.014841
21 0 0.000000 0.000000 0.000000
21 1 -0.423857 -0.013301 0.014385
21 2 -0.888206 -0.026773 0.016379
21 3 -1.435150 -0.040569 0.019803
21 4 -2.110888 -0.054807 0.024819
21 5 -2.967550 -0.069553 0.031644
21 6 -4.064715 -0.084803 0.040536
21 7 -5.470418 -0.100471 0.051776
21 8 -7.261522 -0.116384 0.065643
21 9 -9.523451 -0.132289 0.082406
21 10 -12.349571 -0.147874 0.102318
21 11 -15.840902 -0.162783 0.125642
21 12 -20.107173 0.000000 0.000000
21 13 -25.270217 -0.188806 0.184035
21 14 -31.470174 -0.198548 0.220324
21 15 -38.873787 -0.204354 0.262552
21 16 -47.681059 -0.203497 0.311691
21 17 -58.118690 -0.191045 0.367792
21 18 -70.389854 -0.158815 0.427537
21 19 -84.516318 -0.096211 0.479567
21 20 -100.000000 0.000000 -0.213619
21 21 -71.326715 -0.154938 -0.668536
21 22 -58.722195 -0.193353 -0.375866
21 23 -48.119407 -0.206601 -0.315185
21 24 -39.261579 -0.206564 -0.263169
21 25 -31.870389 -0.199556 -0.219434
21 26 -25.712925 -0.188698 -0.182488
21 27 -20.602947 -0.175548 -0.151023
21 28 -16.388214 0.000000 0.000000
21 29 -12.938684 -0.145427 -0.101217
21 30 -10.138747 -0.129413 -0.081876
21 31 -7.883361 -0.113270 -0.065785
21 32 -6.076957 -0.097312 -0.052632
21 33 -4.633668 -0.081780 -0.042097
21 34 -3.477733 -0.066821 -0.033854
21 35 -2.543406 -0.052491 -0.027591
21 36 -1.774188 -0.038761 -0.023030
21 37 -1.121479 -0.025536 -0.019943
21 38 -0.542835 -0.012674 -0.018164
21 39 0.000000 0.000000 -0.008792
22 0 0.000000 0.000000 0.000000
22 1 0.006340 -0.014467 0.000348
22 2 -0.021476 -0.029184 0.002043
22 3 -0.119805 -0.044378 0.005001
22 4 -0.330264 -0.060237 0.009432
22 5 -0.702193 -0.076889 0.015621
22 6 -1.294778 -0.094368 0.023911
22 7 -2.178532 -0.112603 0.034676
22 8 -3.435794 -0.131406 0.048289
22 9 -5.160074 -0.150491 0.065087
22 10 -7.454528 -0.169519 0.085362
22 11 -10.430650 -0.188164 0.109398
22 12 -14.209143 0.000000 0.000000
22 13 -18.925276 -0.223262 0.170572
22 14 -24.740868 -0.239105 0.209571
22 15 -31.864963 -0.252824 0.256612
22 16 -40.585005 -0.262204 0.314853
22 17 -51.305091 -0.261726 0.388299
22 18 -64.559947 -0.238267 0.478797
22 19 -80.867741 -0.163922 0.573988
22 20 -100.000000 0.000000 -0.247876
22 21 -65.562967 -0.246732 -0.781401
22 22 -51.753521 -0.273082 -0.399921
22 23 -40.870402 -0.269838 -0.317449
22 24 -32.153092 -0.257073 -0.255501
22 25 -25.094888 -0.240938 -0.207102
22 26 -19.365868 -0.223364 -0.167739
22 27 -14.738061 -0.204953 -0.134859
22 28 -11.039182 0.000000 0.000000
22 29 -8.126508 -0.166491 -0.083665
22 30 -5.873399 -0.146905 -0.064176
22 31 -4.164031 -0.127516 -0.048270
22 32 -2.893022 -0.108665 -0.035585
22 33 -1.966915 -0.090618 -0.025713
22 34 -1.305413 -0.073524 -0.018228
22 35 -0.841458 -0.057406 -0.012719
22 36 -0.520105 -0.042182 -0.008825
22 37 -0.296566 -0.027691 -0.006256
22 38 -0.133812 -0.013713 -0.004803
22 39 0.000000 0.000000 -0.002167
23 0 0.000000 0.000000 0.000000
23 1 0.469417 -0.015388 -0.014798
23 2 0.913702 -0.031121 -0.013531
23 3 1.304876 -0.047526 -0.011251
23 4 1.608389 -0.064884 -0.007692
23 5 1.779827 -0.083405 -0.002486
23 6 1.761885 -0.103186 0.004822
23 7 1.482085 -0.124177 0.014737
23 8 0.851959 -0.146158 0.027755
23 9 -0.231614 -0.168761 0.044294
23 10 -1.882885 -0.191557 0.064644
23 11 -4.222961 -0.214207 0.089002
23 12 -7.378158 0.000000 0.000000
23 13 -11.485215 -0.258987 0.151089
23 14 -16.706955 -0.281795 0.190762
23 15 -23.263561 -0.305637 0.239454
23 16 -31.491671 -0.330772 0.302788
23 17 -41.958800 -0.355389 0.391729
23 18 -55.678420 -0.368602 0.525340
23 19 -74.395169 -0.321210 0.717833
23 20 -100.000000 0.000000 -0.296429
23 21 -56.092577 -0.437400 -0.941619
23 22 -41.861115 -0.382409 -0.398971
23 23 -31.458672 -0.342599 -0.299175
23 24 -23.388991 -0.310957 -0.234270
23 25 -16.994005 -0.283767 -0.185726
23 26 -11.921627 -0.258875 -0.146503
23 27 -7.948405 -0.234978 -0.113591
23 28 -4.908144 0.000000 0.000000
23 29 -2.658908 -0.187712 -0.062190
23 30 -1.068301 -0.164210 -0.042900
23 31 -0.010097 -0.141231 -0.027544
23 32 0.632382 -0.119220 -0.015735
23 33 0.961413 -0.098510 -0.006956
23 34 1.061886 -0.079256 -0.000642
23 35 1.001045 -0.061431 0.003751
23 36 0.830309 -0.044876 0.006686
23 37 0.588236 -0.029332 0.008526
23 38 0.303859 -0.014488 0.009527
23 39 0.000000 0.000000 0.004921
24 0 0.000000 0.000000 0.000000
24 1 0.956438 -0.015965 -0.030774
24 2 1.900068 -0.032393 -0.030095
24 3 2.814621 -0.049728 -0.028762
24 4 3.675918 -0.068377 -0.026446
24 5 4.447517 -0.088670 -0.022680
24 6 5.076284 -0.110805 -0.016861
24 7 5.488596 -0.134773 -0.008296
24 8 5.588529 -0.160301 0.003705
24 9 5.259823 -0.186850 0.019689
24 10 4.372863 -0.213752 0.039916
24 11 2.795271 -0.240505 0.064339
24 12 0.400327 0.000000 0.000000
24 13 -2.934520 -0.294284 0.125392
24 14 -7.341837 -0.323460 0.162921
24 15 -12.993853 -0.357163 0.207635
24 16 -20.161984 -0.399860 0.265100
24 17 -29.362085 -0.460458 0.350468
24 18 -41.801143 -0.559538 0.512976
24 19 -61.035074 -0.752311 0.942590
24 20 -100.000000 -1.208910 -0.364067
24 21 -38.556308 -0.598197 -1.163810
24 22 -28.142235 -0.476556 -0.305120
24 23 -19.717134 -0.407196 -0.245997
24 24 -12.953487 -0.360397 -0.196669
24 25 -7.574077 -0.324307 -0.155020
24 26 -3.381988 -0.293400 -0.118950
24 27 -0.229661 -0.264750 -0.087329
24 28 2.010017 0.000000 0.000000
24 29 3.463472 -0.208810 -0.036530
24 30 4.265490 -0.181001 -0.017696
24 31 4.556071 -0.153988 -0.003281
24 32 4.468044 -0.128482 0.007136
24 33 4.115474 -0.104955 0.014251
24 34 3.588110 -0.083563 0.018851
24 35 2.951535 -0.064193 0.021661
24 36 2.250677 -0.046560 0.023274
24 37 1.514509 -0.030276 0.024131
24 38 0.760739 -0.014908 0.024529
24 39 0.000000 0.000000 0.012321
25 0 0.000000 0.000000 0.000000
25 1 1.455172 -0.016084 -0.047191
25 2 2.913740 -0.032761 -0.047293
25 3 4.375231 -0.050622 -0.047235
25 4 5.830206 -0.070233 -0.046635
25 5 7.254634 -0.092104 -0.044914
25 6 8.603357 -0.116601 -0.041280
25 7 9.803428 -0.143821 -0.034759
25 8 10.749502 -0.173435 -0.024323
25 9 11.305201 -0.204602 -0.009158
25 10 11.314949 -0.236111 0.010990
25 11 10.626666 -0.266954 0.035635
25 12 9.114723 0.000000 0.000000
25 13 6.684916 -0.327581 0.094749
25 14 3.264587 -0.360605 0.127883
25 15 -1.211033 -0.399703 0.163053
25 16 -6.802893 -0.451051 0.199494
25 17 -13.528499 -0.527043 0.232051
25 18 -21.130537 -0.656775 0.233487
25 19 -27.944823 -0.919564 0.068461
25 20 -25.357568 -1.563000 -0.142315
25 21 -19.157762 -0.619885 -0.209264
25 22 -12.436855 -0.518425 -0.207970
25 23 -6.316930 -0.449239 -0.183016
25 24 -1.136811 -0.399134 -0.151381
25 25 3.029881 -0.359674 -0.118729
25 26 6.193959 -0.325680 -0.086945
25 27 8.398182 -0.293862 -0.056959
25 28 9.710828 0.000000 0.000000
25 29 10.233762 -0.229769 -0.006422
25 30 10.107316 -0.197005 0.011922
25 31 9.497645 -0.165246 0.024974
25 32 8.565314 -0.135773 0.033298
25 33 7.441735 -0.109274 0.037963
25 34 6.221341 -0.085853 0.040120
25 35 4.964552 -0.065223 0.040753
25 36 3.705079 -0.046898 0.040602
25 37 2.457614 -0.030308 0.040178
25 38 1.224338 -0.014868 0.039804
25 39 0.000000 0.000000 0.019829
26 0 0.000000 0.000000 0.000000
26 1 1.949510 -0.015612 -0.063535
26 2 3.922878 -0.031953 -0.064633
26 3 5.940184 -0.049772 -0.066234
26 4 8.012374 -0.069840 -0.067929
26 5 10.134372 -0.092923 -0.069048
26 6 12.275665 -0.119688 -0.068578
26 7 14.368597 -0.150487 -0.065130
26 8 16.297036 -0.185032 -0.057076
26 9 17.892656 -0.222024 -0.042987
26 10 18.951210 -0.259152 -0.022437
26 11 19.277967 -0.294130 0.003366
26 12 18.743391 0.000000 0.000000
26 13 17.291511 -0.358364 0.061872
26 14 14.923217 -0.391688 0.090799
26 15 11.685252 -0.430002 0.117190
26 16 7.687507 -0.477603 0.137761
26 17 3.179413 -0.539889 0.144744
26 18 -1.249518 -0.620950 0.120455
26 19 -4.257894 -0.706156 0.036365
26 20 -3.494796 -0.668481 -0.064387
26 21 -0.282421 -0.596200 -0.119234
26 22 3.867165 -0.528025 -0.134474
26 23 8.020501 -0.472209 -0.126707
26 24 11.690493 -0.427237 -0.107104
26 25 14.633475 -0.389585 -0.081566
26 26 16.726650 -0.355795 -0.053138
26 27 17.914411 -0.322846 -0.023832
26 28 18.198133 0.000000 0.000000
26 29 17.650258 -0.251091 0.028648
26 30 16.429297 -0.212016 0.046827
26 31 14.758979 -0.174230 0.057951
26 32 12.851172 -0.140100 0.063108
26 33 10.862450 -0.110523 0.064172
26 34 8.888961 -0.085357 0.062902
26 35 6.978651 -0.063955 0.060616
26 36 5.146309 -0.045503 0.058189
26 37 3.385829 -0.029191 0.056160
26 38 1.678773 -0.014259 0.054837
26 39 0.000000 0.000000 0.027189
27 0 0.000000 0.000000 0.000000
27 1 2.419093 -0.014413 -0.079144
27 2 4.886630 -0.029672 -0.081453
27 3 7.448304 -0.046679 -0.085122
27 4 10.142346 -0.066439 -0.089787
27 5 12.992061 -0.090073 -0.094762
27 6 15.993291 -0.118751 -0.098844
27 7 19.095013 -0.153420 -0.100103
27 8 22.174025 -0.194196 -0.095860
27 9 25.013769 -0.239328 -0.083278
27 10 27.315888 -0.284357 -0.061116
27 11 28.787312 -0.323733 -0.031912
27 12 29.286218 0.000000 0.000000
27 13 28.811565 -0.387502 0.029759
27 14 27.448783 -0.417792 0.056245
27 15 25.338827 -0.451025 0.077138
27 16 22.686015 -0.489478 0.089607
27 17 19.806150 -0.533964 0.088704
27 18 17.209101 -0.580981 0.067220
27 19 15.655767 -0.615631 0.020929
27 20 15.916849 -0.604854 -0.032359
27 21 17.653732 -0.568413 -0.068808
27 22 20.165292 -0.525274 -0.083980
27 23 22.838962 -0.484346 -0.082228
27 24 25.242326 -0.448030 -0.068757
27 25 27.084251 -0.415646 -0.047287
27 26 28.162024 -0.385082 -0.020207
27 27 28.331874 -0.353398 0.010492
27 28 27.514206 0.000000 0.000000
27 29 25.737037 -0.274249 0.069907
27 30 23.197915 -0.225747 0.088784
27 31 20.255222 -0.179568 0.096890
27 32 17.215568 -0.139882 0.097005
27 33 14.265815 -0.107369 0.092705
27 34 11.491603 -0.081105 0.086689
27 35 8.913339 -0.059740 0.080607
27 36 6.514627 -0.041974 0.075366
27 37 4.259988 -0.026697 0.071423
27 38 2.104719 -0.012976 0.068995
27 39 0.000000 0.000000 0.034088
28 0 0.000000 0.000000 0.000000
28 1 2.839432 -0.012372 -0.093207
28 2 5.754960 -0.025650 -0.096899
28 3 8.822331 -0.040842 -0.103000
28 4 12.114540 -0.059172 -0.111323
28 5 15.695817 -0.082191 -0.121360
28 6 19.607770 -0.111835 -0.131925
28 7 23.841324 -0.150262 -0.140575
28 8 28.287383 -0.199019 -0.142983
28 9 32.669592 -0.256750 -0.133148
28 10 36.508394 -0.315231 -0.106842
28 11 39.266392 -0.359234 -0.069506
28 12 40.799950 0.000000 0.000000
28 13 41.217246 -0.416638 0.001308
28 14 40.719197 -0.440969 0.027276
28 15 39.533119 -0.466839 0.045504
28 16 37.909619 -0.495330 0.054821
28 17 36.148270 -0.525518 0.053241
28 18 34.622314 -0.553386 0.038788
28 19 33.753364 -0.570541 0.012492
28 20 33.851019 -0.566896 -0.017169
28 21 34.813452 -0.547335 -0.039655
28 22 36.299446 -0.520321 -0.050407
28 23 37.925735 -0.491881 -0.049463
28 24 39.353484 -0.464905 -0.038404
28 25 40.296954 -0.439901 -0.018618
28 26 40.503004 -0.415504 0.009110
28 27 39.734479 -0.388411 0.043982
28 28 37.787371 0.000000 0.000000
28 29 34.583363 -0.302902 0.120168
28 30 30.367748 -0.237169 0.141508
28 31 25.846178 -0.178425 0.143817
28 32 21.487977 -0.132500 0.135308
28 33 17.491772 -0.097972 0.122948
28 34 13.896701 -0.071963 0.110531
28 35 10.667195 -0.051930 0.099747
28 36 7.737938 -0.035959 0.091232
28 37 5.034215 -0.022650 0.085159
28 38 2.479936 -0.010947 0.081534
28 39 0.000000 0.000000 0.040165
29 0 0.000000 0.000000 0.000000
29 1 3.182975 -0.009428 -0.104794
29 2 6.470325 -0.019717 -0.109923
29 3 9.970020 -0.031873 -0.118644
29 4 13.795841 -0.047226 -0.131136
29 5 18.066811 -0.067693 -0.147425
29 6 22.898376 -0.096148 -0.166915
29 7 28.372748 -0.136789 -0.187287
29 8 34.462170 -0.194884 -0.202348
29 9 40.866426 -0.273439 -0.199490
29 10 46.779375 -0.360602 -0.163600
29 11 50.967677 -0.406991 -0.107678
29 12 53.427820 0.000000 0.000000
29 13 54.536270 -0.447100 -0.020212
29 14 54.675774 -0.462623 0.006044
29 15 54.163101 -0.480044 0.022777
29 16 53.269469 -0.499499 0.030928
29 17 52.253505 -0.519403 0.030649
29 18 51.377104 -0.536513 0.022197
29 19 50.882971 -0.546259 0.007419
29 20 50.919013 -0.544864 -0.009154
29 21 51.448163 -0.533722 -0.022233
29 22 52.291780 -0.516807 -0.028526
29 23 53.209437 -0.497964 -0.026812
29 24 53.947221 -0.479822 -0.016777
29 25 54.245293 -0.463563 0.002114
29 26 53.816699 -0.448636 0.031283
29 27 52.313747 -0.431663 0.072902
29 28 49.315473 0.000000 0.000000
29 29 44.439309 -0.347112 0.185832
29 30 37.841557 -0.241612 0.213261
29 31 31.271845 -0.164475 0.201559
29 32 25.396589 -0.113729 0.177458
29 33 20.314975 -0.080066 0.153243
29 34 15.934840 -0.056850 0.132731
29 35 12.119678 -0.040063 0.116610
29 36 8.734893 -0.027287 0.104645
29 37 5.658504 -0.017000 0.096435
29 38 2.780651 -0.008164 0.091645
29 39 0.000000 0.000000 0.045035
30 0 0.000000 0.000000 0.000000
30 1 3.421538 -0.005625 -0.112925
30 2 6.972379 -0.011924 -0.119345
30 3 10.790296 -0.019714 -0.130508
30 4 15.030436 -0.030173 -0.147143
30 5 19.875450 -0.045219 -0.170282
30 6 25.544278 -0.068286 -0.201020
30 7 32.287168 -0.105876 -0.239311
30 8 40.320186 -0.170302 -0.279633
30 9 49.552709 -0.281539 -0.298866
30 10 58.773255 -0.446767 -0.240394
30 11 64.395473 -0.477239 -0.139813
30 12 67.405831 -0.478568 -0.071705
30 13 68.822779 -0.478247 -0.030405
30 14 69.283163 -0.482394 -0.005669
30 15 69.172773 -0.491233 0.008628
30 16 68.750466 -0.503232 0.015462
30 17 68.218066 -0.516095 0.016227
30 18 67.748562 -0.527018 0.011932
30 19 67.481362 -0.533132 0.004142
30 20 67.492849 -0.532590 -0.004632
30 21 67.767329 -0.525893 -0.011598
30 22 68.208948 -0.515234 -0.014649
30 23 68.671828 -0.503362 -0.012479
30 24 68.979420 -0.492872 -0.004003
30 25 68.918990 -0.485909 0.012569
30 26 68.203385 -0.483830 0.041010
30 27 66.386914 -0.485814 0.088809
30 28 62.719980 -0.483383 0.167979
30 29 56.015297 -0.440140 0.282366
30 30 45.285720 -0.217703 0.324144
30 31 36.001462 -0.124144 0.271699
30 32 28.510038 -0.077886 0.219718
30 33 22.435314 -0.051719 0.179828
30 34 17.406807 -0.035314 0.150534
30 35 13.140815 -0.024189 0.129310
30 36 9.422743 -0.016130 0.114295
30 37 6.083829 -0.009899 0.104282
30 38 2.984026 -0.004711 0.098534
30 39 0.000000 0.000000 0.048329
31 0 0.000000 0.000000 0.000000
31 1 3.530286 -0.001152 -0.116717
31 2 7.206537 -0.002643 -0.124013
31 3 11.187262 -0.004894 -0.136894
31 4 15.658857 -0.008542 -0.156641
31 5 20.858817 -0.014734 -0.185537
31 6 27.114576 -0.025910 -0.227572
31 7 34.909910 -0.048140 -0.289304
31 8 44.977229 -0.098924 -0.378011
31 9 58.249664 -0.235667 -0.475954
31 10 74.364349 -0.667709 -0.359300
31 11 80.434115 -0.576652 -0.139479
31 12 82.976306 -0.527896 -0.058805
31 13 84.064968 -0.504947 -0.024038
31 14 84.460498 -0.497491 -0.006942
31 15 84.493590 -0.499278 0.001938
31 16 84.340835 -0.506118 0.006066
31 17 84.119047 -0.514741 0.006863
31 18 83.917062 -0.522345 0.005160
31 19 83.800421 -0.526673 0.001847
31 20 83.803045 -0.526486 -0.001915
31 21 83.918691 -0.522041 -0.004877
31 22 84.104164 -0.514889 -0.005994
31 23 84.288780 -0.507392 -0.004449
31 24 84.378880 -0.502410 0.000676
31 25 84.247060 -0.503389 0.011156
31 26 83.690097 -0.514979 0.031378
31 27 82.309651 -0.544398 0.073349
31 28 79.161276 -0.603788 0.173209
31 29 71.615102 -0.712377 0.451512
31 30 51.283318 -0.064927 0.529256
31 31 38.936947 -0.036522 0.341376
31 32 30.205524 -0.021958 0.249883
31 33 23.508271 -0.013616 0.195814
31 34 18.115245 -0.008504 0.160261
31 35 13.613204 -0.005254 0.135794
31 36 9.730829 -0.003149 0.118936
31 37 6.269676 -0.001756 0.107855
31 38 3.071506 -0.000781 0.101544
31 39 0.000000 0.000000 0.049746
32 0 0.000000 0.000000 0.000000
32 1 3.492637 0.003659 -0.115567
32 2 7.135539 0.007395 -0.123087
32 3 11.092458 0.011318 -0.136408
32 4 15.557840 0.015627 -0.156984
32 5 20.785198 0.020726 -0.187651
32 6 27.144068 0.027509 -0.234426
32 7 35.259481 0.038141 -0.312325
32 8 46.428114 0.058400 -0.467160
32 9 64.103611 0.105490 -0.867651
32 10 100.000000 0.236534 -0.581379
32 11 100.000000 0.248567 0.000000
32 12 100.000000 0.235664 0.000000
32 13 100.000000 0.220137 0.000000
32 14 100.000000 0.206493 0.000000
32 15 100.000000 0.195161 0.000000
32 16 100.000000 0.185930 0.000000
32 17 100.000000 0.178742 0.000000
32 18 100.000000 0.173779 0.000000
32 19 100.000000 0.171321 0.000000
32 20 100.000000 0.171519 0.000000
32 21 100.000000 0.174244 0.000000
32 22 100.000000 0.179144 0.000000
32 23 100.000000 0.185852 0.000000
32 24 100.000000 0.194199 0.000000
32 25 100.000000 0.204401 0.000000
32 26 100.000000 0.217251 0.000000
32 27 100.000000 0.234344 0.000000
32 28 100.000000 0.258249 0.000000
32 29 100.000000 0.291592 0.821227
32 30 49.294516 0.124044 1.000000
32 31 38.256437 0.064935 0.314668
32 32 29.865804 0.040185 0.242623
32 33 23.276037 0.027709 0.193283
32 34 17.931848 0.020165 0.158896
32 35 13.465235 0.014820 0.134664
32 36 9.617183 0.010541 0.117794
32 37 6.192230 0.006804 0.106650
32 38 3.032226 0.003343 0.100289
32 39 0.000000 0.000000 0.049110
33 0 0.000000 0.000000 0.000000
33 1 3.304368 0.008390 -0.109323
33 2 6.749964 0.017241 -0.116354
33 3 10.488456 0.027138 -0.128661
33 4 14.693981 0.039000 -0.147233
33 5 19.579119 0.054495 -0.173655
33 6 25.416049 0.077073 -0.210156
33 7 32.554926 0.114788 -0.258413
33 8 41.371413 0.188886 -0.310663
33 9 51.736351 0.362688 -0.297820
33 10 59.759878 0.847716 -0.216222
33 11 65.086696 0.775119 -0.140350
33 12 68.425598 0.724173 -0.087236
33 13 70.472956 0.689842 -0.053209
33 14 71.710881 0.667330 -0.031917
33 15 72.443651 0.652930 -0.018625
33 16 72.860870 0.644001 -0.010353
33 17 73.082880 0.638727 -0.005287
33 18 73.187297 0.635898 -0.002261
33 19 73.222460 0.634767 -0.000414
33 20 73.212844 0.634983 0.001007
33 21 73.160258 0.636562 0.002748
33 22 73.043157 0.639911 0.005615
33 23 72.813598 0.645901 0.010605
33 24 72.388367 0.656013 0.019224
33 25 71.626628 0.672641 0.034208
33 26 70.276269 0.699621 0.061322
33 27 67.840400 0.743031 0.114347
33 28 63.216093 0.811722 0.230457
33 29 53.611160 0.913610 0.317307
33 30 43.624415 0.204569 0.302599
33 31 34.927636 0.132027 0.257517
33 32 27.724377 0.090047 0.212657
33 33 21.797435 0.064096 0.175795
33 34 16.870179 0.046630 0.147372
33 35 12.698134 0.033827 0.126170
33 36 9.080016 0.023684 0.110919
33 37 5.849579 0.015086 0.100657
33 38 2.865089 0.007349 0.094740
33 39 0.000000 0.000000 0.046403
34 0 0.000000 0.000000 0.000000
34 1 2.974587 0.012660 -0.098327
34 2 6.071042 0.026036 -0.104339
34 3 9.416835 0.040990 -0.114648
34 4 13.149819 0.058736 -0.129627
34 5 17.420496 0.081174 -0.149578
34 6 22.385320 0.111493 -0.174132
34 7 28.172043 0.155048 -0.200512
34 8 34.765634 0.219664 -0.219261
34 9 41.709981 0.308662 -0.208821
34 10 47.659003 0.368225 -0.168948
34 11 52.141418 0.397678 -0.123543
34 12 55.287009 0.408975 -0.085276
34 13 57.406679 0.411430 -0.056843
34 14 58.796674 0.410209 -0.036912
34 15 59.685767 0.407786 -0.023328
34 16 60.237054 0.405260 -0.014203
34 17 60.562709 0.403112 -0.008104
34 18 60.737416 0.401581 -0.003960
34 19 60.807193 0.400813 -0.000915
34 20 60.793882 0.400916 0.001794
34 21 60.696419 0.401961 0.004928
34 22 60.489599 0.403999 0.009339
34 23 60.119783 0.407060 0.016101
34 24 59.495445 0.411115 0.026740
34 25 58.468769 0.415862 0.043608
34 26 56.802909 0.420004 0.070390
34 27 54.122621 0.419071 0.112101
34 28 49.881397 0.398747 0.170579
34 29 43.590471 0.314300 0.214074
34 30 36.663712 0.231435 0.218417
34 31 30.104637 0.168551 0.200146
34 32 24.305959 0.123877 0.174692
34 33 19.318514 0.091994 0.149865
34 34 15.052737 0.068428 0.128627
34 35 11.376645 0.050169 0.111719
34 36 8.154826 0.035282 0.099053
34 37 5.260776 0.022505 0.090314
34 38 2.578488 0.010966 0.085204
34 39 0.000000 0.000000 0.041761
35 0 0.000000 0.000000 0.000000
35 1 2.522715 0.016211 -0.083287
35 2 5.142432 0.033249 -0.088023
35 3 7.957563 0.052048 -0.095961
35 4 11.067429 0.073773 -0.107049
35 5 14.567141 0.099968 -0.120898
35 6 18.532100 0.132671 -0.136283
35 7 22.981725 0.174242 -0.150242
35 8 27.808588 0.226056 -0.157049
35 9 32.678489 0.284067 -0.149259
35 10 37.024347 0.330918 -0.127206
35 11 40.532627 0.361997 -0.099601
35 12 43.174046 0.380291 -0.073484
35 13 45.069814 0.390186 -0.051974
35 14 46.383128 0.395123 -0.035561
35 15 47.265470 0.397315 -0.023574
35 16 47.838667 0.398072 -0.015027
35 17 48.193292 0.398153 -0.008966
35 18 48.392279 0.398001 -0.004560
35 19 48.474835 0.397877 -0.001079
35 20 48.458891 0.397919 0.002155
35 21 48.341753 0.398158 0.005831
35 22 48.098849 0.398519 0.010713
35 23 47.680286 0.398780 0.017722
35 24 47.004640 0.398465 0.028026
35 25 45.949852 0.396587 0.043097
35 26 44.343699 0.391078 0.064531
35 27 41.965452 0.377747 0.093090
35 28 38.596015 0.349019 0.125686
35 29 34.205158 0.296249 0.149994
35 30 29.334820 0.238315 0.156850
35 31 24.520709 0.186861 0.149960
35 32 20.075782 0.144911 0.136100
35 33 16.117429 0.111568 0.120346
35 34 12.645168 0.084917 0.105548
35 35 9.600523 0.063136 0.093023
35 36 6.901598 0.044766 0.083255
35 37 4.460051 0.028685 0.076341
35 38 2.188036 0.014008 0.072235
35 39 0.000000 0.000000 0.035437
36 0 0.000000 0.000000 0.000000
36 1 1.973671 0.018933 -0.065078
36 2 4.018146 0.038698 -0.068502
36 3 6.203214 0.060175 -0.074123
36 4 8.594793 0.084337 -0.081707
36 5 11.248103 0.112250 -0.090681
36 6 14.193769 0.144975 -0.099859
36 7 17.413738 0.183188 -0.107126
36 8 20.808106 0.226250 -0.109436
36 9 24.170684 0.270628 -0.103960
36 10 27.226956 0.309380 -0.091017
36 11 29.790419 0.339100 -0.074170
36 12 31.806489 0.360004 -0.057087
36 13 33.315184 0.373900 -0.042010
36 14 34.400358 0.382781 -0.029784
36 15 35.154136 0.388276 -0.020380
36 16 35.658685 0.391558 -0.013365
36 17 35.979353 0.393424 -0.008175
36 18 36.163423 0.394392 -0.004235
36 19 36.240826 0.394776 -0.000996
36 20 36.224946 0.394724 0.002075
36 21 36.112701 0.394233 0.005528
36 22 35.883599 0.393139 0.009961
36 23 35.497701 0.391074 0.016047
36 24 34.892793 0.387377 0.024547
36 25 33.982094 0.380940 0.036222
36 26 32.656347 0.369974 0.051550
36 27 30.799204 0.351816 0.070041
36 28 28.331738 0.323329 0.089082
36 29 25.298975 0.283361 0.103370
36 30 21.949314 0.238710 0.109028
36 31 18.567198 0.195662 0.106743
36 32 15.358636 0.157334 0.099400
36 33 12.429877 0.124449 0.089871
36 34 9.809655 0.096532 0.080194
36 35 7.478409 0.072688 0.071568
36 36 5.390794 0.051961 0.064602
36 37 3.489671 0.033459 0.059556
36 38 1.713569 0.016382 0.056519
36 39 0.000000 0.000000 0.027753
37 0 0.000000 0.000000 0.000000
37 1 1.353705 0.020823 -0.044589
37 2 2.753082 0.042432 -0.046781
37 3 4.242117 0.065615 -0.050322
37 4 5.860148 0.091146 -0.054974
37 5 7.636405 0.119717 -0.060260
37 6 9.580825 0.151787 -0.065345
37 7 11.671048 0.187281 -0.068968
37 8 13.839132 0.225122 -0.069609
37 9 15.968928 0.262814 -0.066129
37 10 17.922143 0.296870 -0.058734
37 11 19.595402 0.325016 -0.048976
37 12 20.946126 0.346723 -0.038684
37 13 21.983913 0.362625 -0.029197
37 14 22.748836 0.373825 -0.021184
37 15 23.291897 0.381450 -0.014797
37 16 23.662459 0.386460 -0.009880
37 17 23.901895 0.389592 -0.006133
37 18 24.041119 0.391366 -0.003208
37 19 24.099987 0.392108 -0.000747
37 20 24.087254 0.391965 0.001613
37 21 24.000393 0.390910 0.004247
37 22 23.825026 0.388730 0.007554
37 23 23.533997 0.384997 0.011960
37 24 23.086597 0.379028 0.017893
37 25 22.429229 0.369823 0.025693
37 26 21.500216 0.356057 0.035407
37 27 20.243078 0.336213 0.046445
37 28 18.632531 0.309117 0.057231
37 29 16.709438 0.275152 0.065376
37 30 14.595991 0.237500 0.069150
37 31 12.439852 0.199738 0.068583
37 32 10.361411 0.164311 0.064886
37 33 8.433532 0.132356 0.059544
37 34 6.684938 0.104071 0.053788
37 35 5.112477 0.079123 0.048452
37 36 3.693360 0.056927 0.044025
37 37 2.394189 0.036806 0.040762
37 38 1.176547 0.018061 0.038776
37 39 0.000000 0.000000 0.019055
38 0 0.000000 0.000000 0.000000
38 1 0.687996 0.021925 -0.022646
38 2 1.398250 0.044589 -0.023709
38 3 2.151883 0.068705 -0.025409
38 4 2.967114 0.094911 -0.027606
38 5 3.856368 0.123679 -0.030040
38 6 4.821893 0.155171 -0.032294
38 7 5.850319 0.189025 -0.033791
38 8 6.908277 0.224139 -0.033903
38 9 7.943600 0.258633 -0.032212
38 10 8.897146 0.290267 -0.028816
38 11 9.722794 0.317368 -0.024317
38 12 10.398590 0.339244 -0.019478
38 13 10.925405 0.356052 -0.014908
38 14 11.319086 0.368441 -0.010959
38 15 11.602073 0.377236 -0.007745
38 16 11.797283 0.383238 -0.005223
38 17 11.924576 0.387116 -0.003269
38 18 11.999100 0.389370 -0.001719
38 19 12.030683 0.390324 -0.000397
38 20 12.023620 0.390118 0.000877
38 21 11.976519 0.388711 0.002293
38 22 11.882039 0.385871 0.004048
38 23 11.726586 0.381157 0.006345
38 24 11.490281 0.373911 0.009372
38 25 11.147911 0.363264 0.013251
38 26 10.672101 0.348218 0.017940
38 27 10.040238 0.327857 0.023102
38 28 9.245730 0.301773 0.028021
38 29 8.310104 0.270626 0.031753
38 30 7.285198 0.236397 0.033614
38 31 6.234642 0.201476 0.033554
38 32 5.213464 0.167814 0.032018
38 33 4.257750 0.136590 0.029631
38 34 3.383955 0.108269 0.026961
38 35 2.593091 0.082802 0.024424
38 36 1.875901 0.059818 0.022285
38 37 1.217130 0.038776 0.020690
38 38 0.598419 0.019055 0.019713
38 39 0.000000 0.000000 0.009692
39 0 0.000000 0.000000 0.000000
39 1 0.000000 0.000000 0.000000
39 2 0.000000 0.000000 0.000000
39 3 0.000000 0.000000 0.000000
39 4 0.000000 0.000000 0.000000
39 5 0.000000 0.000000 0.000000
39 6 0.000000 0.000000 0.000000
39 7 0.000000 0.000000 0.000000
39 8 0.000000 0.000000 0.000000
39 9 0.000000 0.000000 0.000000
39 10 0.000000 0.000000 0.000000
39 11 0.000000 0.000000 0.000000
39 12 0.000000 0.000000 0.000000
39 13 0.000000 0.000000 0.000000
39 14 0.000000 0.000000 0.000000
39 15 0.000000 0.000000 0.000000
39 16 0.000000 0.000000 0.000000
39 17 0.000000 0.000000 0.000000
39 18 0.000000 0.000000 0.000000
39 19 0.000000 0.000000 0.000000
39 20 0.000000 0.000000 0.000000
39 21 0.000000 0.000000 0.000000
39 22 0.000000 0.000000 0.000000
39 23 0.000000 0.000000 0.000000
39 24 0.000000 0.000000 0.000000
39 25 0.000000 0.000000 0.000000
39 26 0.000000 0.000000 0.000000
39 27 0.000000 0.000000 0.000000
39 28 0.000000 0.000000 0.000000
39 29 0.000000 0.000000 0.000000
39 30 0.000000 0.000000 0.000000
39 31 0.000000 0.000000 0.000000
39 32 0.000000 0.000000 0.000000
39 33 0.000000 0.000000 0.000000
39 34 0.000000 0.000000 0.000000
39 35 0.000000 0.000000 0.000000
39 36 0.000000 0.000000 0.000000
39 37 0.000000 0.000000 0.000000
39 38 0.000000 0.000000 0.000000
39 39 0.000000 0.000000 0.000000
